0
0.426881616
0.452007079
0.343720537
-0.598761878
-0.266532939
0.73252701
0.040203719
-0.031669811
-0.042274288
-0.002474257
0.038774453
-0.036000751
-0.000176096
-0.097715067
-0.045958095
-0.06697409
0.013344895
-0.042361547
-0.093333
-0.032241309
-0.04392336
-0.049364649
-0.050088912
-0.07891525
-0.074471843
-0.047367807
-0.02873994
-0.017761787
-0.024934757
0.015277157
-0.044360199
-0.110378712
-0.070675639
-0.071703314
-0.060310571
-0.039510199
-0.052285556
-0.045423013
0.010584955
-0.002904358
-0.024518031
-0.057123164
-0.077506837
0.090941685
0.04040106
0.028857592
0.029115493
0.040617733
0.005057754
0.076824278
0.107314339
0.103546125
0.050465424
0.051839303
0.1329424
0.098799992
0.097489498
0.074376709
0.077186108
0.053557388
0.111677587
0.091731833
0.025714328
0.004755216
-0.021699301
-0.033536634
-0.082121461
-0.125517778
-0.044127473
-0.07163721
-0.10972559
-0.123486656
-0.196461132
-0.247266758
-0.335011793
-0.373386922
-0.404916464
-0.446192752
-0.499058165
-0.549445295
-0.580200797
-0.606153039
-0.626107869
-0.718463282
-0.7940066
-0.880009687
-0.95773549
-1.031381439
-1.124330904
-1.176825356
-1.244146285
-1.316596515
-1.406562018
-1.440736285
-1.509071285
-1.607985954
-1.693335398
-1.814892338
-1.944298532
-1.995856716
-2.069219816
-2.14366839
-2.186574558
-2.238543078
-2.301012168
-2.364816532
-2.343626524
-2.420750716
-2.467870524
-2.54125765
-2.675159183
-2.772373777
-2.861098534
-2.924475817
-3.034604722
-3.107924006
-3.180825257
-3.31531622
-3.355309484
-3.399913596
-3.51795768
-3.731461563
-3.822198362
-3.857079937
-3.928737556
-4.0199018
-4.106886735
-4.134880922
-4.218385255
-4.326908908
-4.417692982
-4.499780394
-4.580810263
-4.697864725
-4.787008129
-4.891590738
-4.947917418
-5.038497308
-5.132216414
-5.218860127
-5.27971257
-5.325019669
-5.386564281
-5.477178784
-5.562290727
-5.643899123
-5.688837673
-5.736578227
-5.817361002
-5.908415922
-6.001769382
-6.083710375
-6.142682164
-6.216733563
-6.246644723
-6.307697898
-6.362778608
-6.445903756
-6.508067571
-6.547975788
-6.62878033
-6.667546066
-6.765857247
-6.800049425
-6.849412661
-6.912837341
-7.012311673
-7.073352851
-7.176579606
-7.185142766
-7.258074314
-7.345619163
-7.39027995
-7.381080546
-7.446672982
-7.454708257
-7.554174875
-7.60460989
-7.630858765
-7.696661994
-7.785103803
-7.77841937
-7.775533133
-7.831520842
-7.850666666
-7.854310089
-7.824799474
-7.832720765
-7.878097155
-7.981058066
-7.984651927
-8.000728408
-7.984813616
-8.046262441
-8.076566671
-7.208650812
-7.22449087
-7.288405144
-7.337429549
-7.352146385
-7.33389244
-7.362516007
-7.430369481
-7.481254902
-7.502572453
-7.602422051
-7.735318114
-7.487611059
-7.577745305
-7.623263967
-7.658384189
-7.591021161
-7.566221023
-7.544967437
-7.474225981
-7.571865748
-7.597463523
-7.658366505
-7.681084045
-7.638822631
-7.713049944
-7.771776215
-7.802789016
-6.903339431
-6.95189223
-7.016570721
-7.063889122
-7.091648478
-7.161343841
-7.293146963
-7.384816922
-7.402728904
-7.452985168
-7.475093932
-7.756308715
-7.868114012
-7.923136117
-7.979337461
-8.052513511
-8.267471598
-8.348292316
-8.257781046
-8.378778052
-8.392306074
-8.456688148
-8.513002836
-8.609644447
-8.705802596
-8.750005202
-8.859049369
-8.856572903
-8.841417567
-8.857742564
-8.98657426
-9.127697258
-9.214272223
-9.213634718
-9.207471464
-9.230789084
-9.275275797
-9.231500486
-9.296574973
-9.374106038
-9.439994109
-9.542983246
-9.491072283
-9.507738582
-9.625351832
-9.681401351
-9.829295592
-9.640664485
-9.77316776
-9.87626817
-9.992149328
-10.18588693
-10.33378149
-10.41568355
-10.61676855
-10.78321115
-10.98331999
-11.20328524
-11.48396711
-11.71172807
-11.96052572
-12.24707277
-12.54564237
-12.80947931
-13.25513372
-13.55453461
-13.62843863
-13.98130818
-14.27929239
-14.73520255
-15.09884537
-15.55287339
-15.88610258
-16.12717157
-16.49925853
-16.81466868
-17.06176724
-17.2262298
-17.48370451
-17.76180731
-18.23877676
-18.52940795
-18.93560192
-19.13670841
-19.40706939
-19.61266009
-19.8287585
-20.08981243
-20.30132724
-20.4962857
-20.6744301
-20.85629802
-21.1533556
-21.32812114
-21.51672857
-21.68337997
-21.84395097
-22.00174766
-22.15475443
-22.40521754
-22.58992141
-22.82459069
-22.9410393
-23.10769198
-23.25810949
-23.41825999
-23.55323388
-23.61395599
-23.73162214
-23.88244059
-24.03245451
-24.19457649
-24.30790518
-24.4838839
-24.61370157
-24.76222399
-24.88640758
-25.00778465
-25.04905964
-25.13626896
-25.31270137
-25.4984195
-25.64712963
-25.79348435
-25.9975961
-26.08377741
-26.26542372
-26.41420066
-26.5800009
-26.72596999
-26.94492726
-27.09298385
-27.24308676
-27.38884435
-27.525541
-27.64557409
-27.81088047
-27.68872811
-27.92158338
-28.08819659
-28.25298229
-28.38804468
-28.53858547
-28.69306971
-28.84870897
-28.96230767
-29.15450907
-29.27597883
-29.32726128
-29.45572299
-29.65400449
-29.78738088
-29.92052754
-29.99805996
-30.10899458
-30.26283708
-30.35011546
-30.48250428
-30.57140411
-30.71539704
-30.85769435
-31.01256577
-31.13702234
-31.25979244
-31.3070366
-31.43203616
-31.54337033
-31.684849
-31.81693887
-31.96092817
-32.1000947
-32.23111195
-32.3506786
-32.50462626
-32.72168413
-32.8563608
-32.99840226
-33.14657631
-33.2869953
-33.45642438
-33.62412043
-33.77590677
-33.90863959
-34.08435911
-34.2157717
-34.37989441
-34.46602403
-34.59697866
-34.79775818
-34.97070791
-35.09042744
-35.29566535
-35.4384151
-35.5651457
-35.72265501
-35.862567
-36.01675683
-36.12916014
-36.32469167
-36.5268771
-36.62774364
-36.71974829
-36.77608097
-36.89650098
-37.05438526
-37.17158697
-37.33954439
-37.47328474
-37.61053384
-37.80340818
-37.94225673
-38.07032607
-38.22204191
-38.38251309
-38.5293504
-38.70939637
-38.86628955
-39.04785569
-39.21471491
-39.38920346
-39.52148321
-39.65029532
-39.82255442
-39.95590303
-40.06854875
-40.21006011
-40.35567785
-40.52014065
-40.65486439
-40.78636729
-40.90278161
-41.05747617
-41.23705936
-41.40845351
-41.54527175
-41.66730207
-41.76569295
-41.73985085
-41.88570293
-42.04988616
-42.19880105
-42.34730832
-42.4890362
-42.66597085
-42.79679051
-42.90997852
-43.19417615
-43.36239112
-43.51508576
-43.70650025
-43.81363296
-44.10907169
-44.25189921
-44.42454995
-44.57995914
-44.73664942
-44.88199961
-45.01120846
-45.13177981
-45.27529978
-45.43046237
-45.56548568
-45.57699588
-45.73353322
-45.8381013
-45.97135393
-46.08617984
-46.24262408
-46.40237053
-46.5424486
-46.60297466
-46.75254548
-46.86695677
-47.0507355
-47.16182145
-47.34124261
-47.43485438
-46.58676087
-46.74046001
-46.87616535
-47.03792833
-47.18545053
-47.32559725
-47.43757092
-47.5743521
-47.75357578
-47.8966768
-47.99875519
-48.09759478
-48.23043926
-48.36978523
-48.50149244
-48.62656061
-48.7881966
-48.87300635
-49.01558077
-49.20580575
-49.31604718
-49.46260369
-49.60161138
-49.69261059
-49.82406397
-49.96925611
-50.09504215
-50.28804754
-50.401294
-50.58497825
-51.51658244
-51.64425428
-51.85933168
-52.01113878
-52.16157757
-52.25723638
-52.43939064
-52.58594149
-52.73426892
-52.84557059
-53.07583559
-53.23705431
-53.38660779
-53.50082355
-53.64897878
-53.79801338
-53.94530879
-54.08196166
-54.16092252
-54.28664688
-54.41961438
-54.57430903
-54.69869892
-54.79917645
-54.93903911
-55.08648624
-55.27740726
-55.39944158
-55.552584
-55.69617518
-55.83707988
-55.96796486
-56.11868013
-56.23523917
-56.37385574
-56.33305117
-56.50200063
-56.62125165
-56.77329909
-56.91950268
-57.03781356
-57.15734621
-57.35949027
-57.51313782
-57.65277908
-57.80508151
-57.94789082
-58.11687612
-58.28021069
-58.42636126
-58.58048193
-58.7372896
-58.85434447
-59.02791616
-59.17356073
-59.32146355
-59.49118883
-59.65487154
-59.81061608
-59.94657252
-60.15217645
-60.29318177
-60.44781635
-60.61171842
-60.75484183
-60.90586146
-61.41461455
-61.56464805
-61.73481315
-61.8808181
-62.03973757
-62.21745647
-62.44161529
-62.59403743
-62.74479704
-62.9874988
-63.14232981
-63.30971433
-63.45420013
-63.59722364
-63.77045557
-63.91992749
-64.08796852
-64.26990606
-64.42681431
-64.57509561
-64.81287887
-64.99222319
-65.13463666
-65.26912755
-65.42265385
-65.52650789
-65.67275923
-65.82199938
-65.94280219
-66.10382367
-66.25575433
-66.40165763
-66.55285622
-66.70882841
-66.84941406
-66.96270736
-67.11509835
-67.26037295
-67.41752409
-67.57325604
-67.67564045
-67.82837052
-67.96430227
-68.09947409
-68.26558039
-68.54840634
-68.70130154
-68.84870815
-68.7029569
-68.87726013
-69.02735276
-69.14858718
-69.28834379
-69.36080562
-69.51689878
-69.668432
-69.79434954
-69.72995626
-69.89016937
-70.01237929
-70.1839799
-70.38357249
-70.5357971
-70.69910427
-70.84676551
-70.98155378
-71.13554147
-71.29489448
-71.43738265
-71.59129672
-71.74622836
-71.87480413
-72.0322144
-72.25473193
-72.35871814
-72.48967969
-72.6245587
-72.81462975
-72.96161948
-73.11526506
-73.26080783
-73.45223049
-73.62285915
-73.74075904
-73.92371345
-74.06789663
-74.22014478
-74.20841386
-74.36991341
-74.56839903
-74.70705656
-74.89717928
-75.04991424
-75.24937457
-75.37640069
-75.51760257
-75.66861145
-75.7294702
-75.85031831
-76.0761421
-76.19252167
-76.36398319
-76.51636839
-76.67891702
-76.66755923
-76.8699548
-77.01071606
-77.18505309
-77.34824537
-77.42239715
-77.57656745
-77.66807975
-77.72326141
-77.84995746
-77.98290578
-78.11926412
-78.4234788
-78.5017975
-78.67579202
-78.81153842
-78.96631108
-79.08386241
-79.29454788
-79.44466872
-79.58467078
-79.51960853
-79.62574538
-79.75773752
-79.8646844
-79.97773198
-80.12853512
-80.18993524
-80.45510495
-80.5023995
-80.59596273
-80.772548
-80.83791885
-80.94969117
-81.05438356
-81.14756301
-81.26598388
-81.38438451
-81.49945469
-80.83140137
-80.93826043
-81.0576561
-81.10358547
-81.20491353
-81.33304517
-81.39185834
-81.6029663
-81.75174156
-81.8852734
-81.12208341
-81.60581895
-81.39688691
-81.51259248
-81.70403349
-81.94744916
-81.93451042
-82.19106788
-82.4622396
-82.641785
-82.26229559
-82.13089407
-82.50014439
-82.88487231
-83.31573867
-83.29373663
-83.64150488
-83.67040994
-84.09166037
-83.38071677
-83.79412854
-83.68320041
-83.94431307
-84.40049763
-84.59150848
-84.52202958
-84.6731376
-85.47085852
-85.73606266
-85.73124461
-85.95926946
-86.44551863
-87.03158943
-87.61034874
-88.47799089
-89.17562206
-89.85194033
-90.57868435
-91.30745843
-92.08863646
-92.85468366
-93.63763487
-94.43553931
-95.25494171
-96.07220021
-96.89432662
-97.7293439
-98.55797021
-99.40937579
-100.2782464
-101.1788712
-102.0792616
-102.97672
-103.6895052
-104.6022841
-105.4805736
-106.4061331
-107.3387227
-108.2775118
-109.210567
-110.0720421
-111.0163448
-111.9672849
-112.9224526
-113.8783401
-114.8385747
-115.8009199
-116.7435258
-117.6903845
-118.6563499
-119.6008054
-120.5724765
-121.4557197
-122.410632
-123.3381852
-124.3062043
-125.2745097
-126.2412124
-127.2052378
-128.1650894
-129.1344863
-130.1070521
-131.0603927
-132.0350576
-133.0097984
-133.983878
-134.9576155
-135.9300534
-136.9037668
-137.8795031
-138.8534002
-139.8279329
-140.8074427
-141.7800375
-142.7587271
-143.7440449
-144.725467
-145.7024659
-146.6835147
-147.6628895
-148.6396599
-149.6221748
-150.6054423
-151.5910115
-152.5729239
-153.5605775
-154.53689
-155.509929
-156.4929694
-157.4747821
-158.4585702
-159.4436863
-160.4242651
-161.4049944
-162.3780342
-163.3547217
-164.3360257
-165.3156395
-166.2973915
-167.2801747
-168.2580927
-169.2329399
-170.2148532
-171.2009588
-172.1843971
-173.1700474
-174.1570921
-175.1448027
-176.1153967
-177.0958796
-178.0781819
-179.0561148
-180.0362228
-181.0122391
-181.9940936
-182.972768
-183.9492594
-184.9295333
-185.9093593
-186.8885148
-186.7637648
-187.7451491
-188.7315535
-189.7124618
-190.6899499
-191.670261
-192.6538542
-193.6343878
-194.620171
-195.598424
-196.5755647
-197.5556996
-198.5350563
-199.5191045
-200.4918328
-201.4650152
-202.4364433
-203.4171632
-204.3941245
-205.3702133
-206.3396295
-207.31164
-208.2948559
-209.2800377
-210.2609469
-211.2433066
-212.2255996
-213.2007723
-214.1806694
-215.1609029
-216.1196177
-217.1030905
-218.0826764
-219.0629445
-220.0521017
-221.0329088
-222.0108902
-222.9979183
-223.9745689
-224.9491501
-225.8647602
-226.8395091
-227.8161226
-228.5152743
-229.4871818
-230.4687556
-231.4511489
-232.3692053
-233.3411758
-234.3102734
-235.2916378
-236.2711966
-237.2548612
-238.236007
-239.2164899
-240.2136891
-241.1941228
-242.1764519
-243.1483599
-244.126555
-245.1048332
-246.0844531
-247.0598065
-248.0382403
-247.5763378
-246.7295678
-247.7109734
-248.6880483
-249.6671795
-250.6451736
-251.6162718
-251.1206003
-252.0985216
-253.0818942
-252.0901868
-251.1097506
-250.1332493
-251.1118075
-252.0845249
-253.0643782
-254.0382323
-255.0141059
-255.9219805
-256.8815168
-257.8634363
-258.8485406
-259.834694
-260.8123055
-261.7896218
-262.7684827
-263.7490123
-264.732754
-265.7114027
-266.6928245
-267.66946
-268.6493701
-269.6296272
-270.6073029
-271.5899531
-272.5753872
-273.5546113
-274.5354974
-275.5112525
-276.4900508
-277.469843
-278.4499767
-279.4352485
-280.417889
-281.4017646
-282.3846213
-283.3666214
-284.3505109
-285.3339802
-286.3171209
-287.2947632
-288.2711568
-289.2503905
-290.219352
-291.1964176
-292.1766843
-293.1575069
-294.1472006
-295.1238995
-296.103106
-297.0820539
-298.0612268
-299.040633
-300.0216111
-301.0023747
-301.9794217
-302.9433353
-303.925835
-304.9113246
-305.8997446
-306.8812614
-307.8607041
-308.8383004
-309.8163267
-310.7901898
-311.7670722
-312.7458496
-313.7244854
-314.7007245
-315.6734465
-316.6504224
-317.6235298
-318.6059176
-319.5793931
-320.5579467
-321.5380612
-322.5179651
-323.4986116
-324.476352
-325.4563722
-326.4409748
-327.4288657
-328.4123939
-329.3890863
-330.3602357
-331.3391795
-332.317518
-333.2929942
-334.2701554
-335.2513378
-336.2296566
-337.2128853
-338.1975139
-339.1813149
-340.1658187
-341.1479778
-342.1328139
-343.1155215
-344.094092
-345.076874
-346.0605463
-347.0403901
-348.0213804
-348.9984845
-349.9765405
-350.9582964
-351.9400374
-352.9212286
-353.90046
-354.8823537
-355.8615741
-356.8457269
-357.8255287
-358.8084252
-359.7917706
-360.77365
-361.7629768
-362.7456384
-363.7262679
-364.7052629
-365.6891569
-366.672671
-367.6635442
-368.6476133
-369.618887
-370.5967548
-371.5871042
-372.5686812
-373.5604924
-374.5414428
-375.5179231
-376.4989953
-377.3057525
-378.2737768
-379.2572904
-380.0895404
-381.070809
-382.0556512
-383.0480446
-384.0330107
-385.0202985
-386.00317
-386.98287
-387.9607898
-388.9397853
-389.917783
-390.8966544
-391.8796161
-392.8659982
-393.8539957
-394.8394203
-395.8220348
-396.8070284
-397.7975766
-398.777697
-399.6022143
-400.5868812
-401.5730607
-402.5580096
-403.5389487
-404.5189957
-405.5037704
-406.4911484
-407.475678
-408.4588837
-409.4451403
-410.4289556
-411.4122018
-412.3948809
-413.3729696
-414.321655
-415.3007658
-416.2810839
-416.6566964
-417.6397938
-418.6190701
-419.6040137
-420.5885374
-421.5720326
-422.5532879
-423.5303471
-424.5036919
-425.4706256
-426.4458301
-427.4191274
-428.3964213
-429.3818308
-430.3648678
-431.3435553
-432.3287263
-433.3170441
-434.3021389
-435.2902683
-436.2769076
-437.2596885
-438.2435591
-439.2256414
-440.2094506
-441.1881581
-442.1752453
-441.781193
-442.7593592
-443.743889
-444.7237454
-445.7107344
-446.694001
-447.6815063
-448.6663038
-449.6497782
-450.5954403
-451.5835261
-450.7428561
-451.7272329
-452.7139196
-453.6665808
-454.6537561
-455.6387727
-456.6235116
-457.6130587
-458.553085
-459.5348678
-460.5150645
-461.4873412
-462.4743678
-463.4571111
-464.4437683
-465.4267014
-466.4107477
-467.3970348
-468.3802152
-469.3655006
-470.3474211
-471.3295865
-472.3120693
-473.2940709
-474.2780011
-475.2625062
-476.2469702
-477.2325277
-478.2174399
-479.2048629
-480.1862994
-481.1643759
-482.1485146
-483.13097
-484.1162013
-485.0987948
-486.0769715
-487.0356194
-488.0202821
-489.0032854
-489.9876755
-490.9652624
-491.9468594
-492.9310658
-493.9164223
-494.9043894
-495.8770509
-496.8519855
-497.832041
-498.8114194
-499.7896154
-500.769201
-501.7491314
-502.7244688
-503.7092608
-504.6909832
-505.6762898
-506.6630303
-507.6475456
-508.6471122
-509.6209923
-510.6033259
-511.5844646
-512.5616564
-513.5366311
-514.5166164
-515.4927033
-516.4768702
-517.4632749
-518.442554
-519.4260368
-520.4093978
-521.3906172
-522.3756128
-523.3598807
-524.3444156
-525.3341439
-526.3187638
-527.3070575
-528.2899075
-529.2791396
-530.2659542
-531.2428609
-532.2288334
-533.2189203
-534.2071396
-535.1907841
-536.1712526
-537.151816
-538.1286514
-539.1099319
-540.0932803
-541.0814015
-542.063344
-543.047331
-544.03226
-545.0206453
-546.0132236
-547.0012216
-547.9860614
-548.9710522
-549.9477158
-550.5063894
-551.4928227
-552.476814
-553.4622948
-554.4489048
-555.437011
-556.4236714
-557.4101065
-558.3960691
-558.976317
-559.9636187
-560.9526342
-561.9396722
-562.9220966
-563.9076916
-564.8912766
-565.8784408
-566.8647085
-567.8518728
-568.835676
-569.818591
-570.8061262
-571.794137
-572.783652
-573.7711132
-574.7573699
-575.7445571
-576.7310022
-577.7182633
-578.7060974
-579.6881416
-580.6756265
-581.6612341
-582.6482888
-583.6363169
-584.6059957
-585.5848134
-586.5727534
-587.5576175
-588.5466771
-589.5330687
-590.5206931
-591.5064013
-592.4924594
-593.4805684
-594.4667357
-595.4541703
-596.4442928
-597.4319988
-598.4210041
-599.3977181
-600.3805405
-601.3685724
-602.3544376
-603.3409709
-604.3279289
-605.3076123
-606.2909239
-607.2780354
-608.266193
-609.2538099
-610.2408867
-611.2263602
-612.2080683
-613.1849702
-614.1735249
-615.1668788
-616.1541018
-617.1405782
-618.1244193
-619.1067965
-620.0902529
-621.0758495
-622.0631193
-623.0482579
-624.0278616
-625.0141151
-625.989515
-626.974511
-627.9572285
-628.9423467
-629.9304641
-630.9185366
-631.9069484
-632.8869444
-633.8746458
-634.8618346
-635.845503
-636.8292885
-637.8124403
-638.7969969
-639.783553
-640.771961
-641.7604695
-642.749117
-643.7327816
-644.716241
-645.703262
-646.6856354
-647.6730042
-648.6559618
-649.6430007
-650.6288744
-651.6159407
-652.5994887
-653.5855283
-654.5694042
-655.551391
-656.5363625
-657.5190842
-658.5103491
-659.4976077
-660.4860314
-661.4684495
-662.4526556
-663.4349393
-664.420493
-665.4074261
-666.3930815
-667.3778909
-668.3600308
-669.3530165
-670.3265799
-671.307911
-672.2954448
-673.2651895
-674.251373
-675.2338663
-676.2188944
-677.1957984
-678.1737747
-679.1521942
-680.1422789
-681.1284841
-682.1054399
-683.0571776
-684.0366975
-685.0222269
-686.0068636
-686.9868156
-687.9724427
-688.9542979
-689.9350846
-690.9168978
-691.8982683
-692.8687485
-693.8474278
-694.8283241
-695.8032967
-696.7812149
-697.7664874
-698.7479381
-699.7217509
-700.6918635
-701.6794802
-702.6607734
-703.6312919
-704.610274
-705.5856895
-706.5674786
-707.5493935
-708.5338842
-709.5169498
-710.4991668
-711.4706212
-712.444451
-713.4248476
-714.4057822
-715.3854565
-716.3649154
-717.3400532
-718.3165243
-719.2998201
-720.2810813
-721.2646304
-722.2469349
-723.2296505
-724.2089592
-725.1886949
-726.1761619
-727.1551448
-728.1313819
-729.1075757
-730.0639791
-731.042921
-732.0224775
-733.0063875
-733.9865975
-734.9581501
-735.9359014
-736.9150517
-737.8903518
-738.859015
-739.8361197
-740.8132879
-741.7907465
-742.7653225
-743.743513
-744.7220045
-745.6984534
-746.6840413
-747.6704797
-748.6573805
-749.6265867
-750.6019956
-751.5780832
-752.5560039
-753.5288799
-754.5108015
-755.4914747
-756.4713812
-757.4532069
-758.424793
-759.4070391
-760.3923878
-761.3818412
-762.3673422
-763.3549709
-764.3445513
-765.3276252
-766.2788966
-767.2699193
-768.2315793
-769.2059898
-770.2031635
-771.1928378
-772.1840194
-773.1757166
-774.1652156
-775.1525372
-776.1444711
-777.1405517
-778.1288738
-779.1159811
-780.1048849
-781.0899424
-782.0744197
-783.053581
-784.025277
-784.6807195
-785.6483839
-786.6079294
-787.5600777
-788.4600708
-789.4030463
-790.3378269
-791.2767041
-792.2409601
-793.1902933
-794.0938962
-795.0121974
-795.9282963
-796.8355762
-797.7403695
-798.6111903
-799.5325567
-800.3909144
-801.2612976
-802.1008481
-802.9252655
-803.8005539
-804.6302016
-805.4869174
-806.2914257
-807.0847296
-807.8674509
-808.5147629
-809.1920899
-810.1388576
-810.7975329
-811.4774338
-812.1586266
-812.859704
-813.543365
-814.2155969
-814.8650254
-815.5227159
-816.1754053
-816.8089759
-817.4241799
-817.9484378
-818.5892452
-819.1449534
-819.910953
-820.5132604
-821.1263738
-821.782846
-822.2959977
-822.7556614
-823.2383352
-823.7253371
-824.214831
-824.6401768
-825.1489456
-825.6828601
-826.2154801
-826.7157728
-827.1723211
-827.6013027
-827.9788802
-828.5763609
-829.0168489
-829.4249744
-829.8154837
-830.2760785
-830.7003139
-831.1831267
-831.5936941
-831.9768223
-832.4075707
-832.8208445
-833.2102162
-833.6029706
-833.9938848
-834.3789035
-834.8078535
-835.2750724
-835.6658419
-836.1047362
-836.6311125
-837.0088687
-837.4361445
-837.8181639
-838.2099592
-838.5969173
-839.0059212
-839.3816352
-839.7787943
-840.1631142
-840.5689349
-840.957974
-841.3195562
-841.7052418
-842.0668042
-842.4377253
-842.8113082
-843.1922714
-843.3960376
-843.76417
-844.1946779
-844.5743426
-844.9634657
-845.3386923
-845.7190909
-846.1030017
-846.4812914
-846.8484651
-847.2364593
-847.5797842
-847.9755244
-848.3757951
-848.7902955
-849.2069574
-849.5986942
-849.958927
-850.3559234
-850.7155974
-851.0523637
-851.3961808
-851.6656492
-852.0021046
-852.2564898
-852.487401
-852.814832
-853.1407966
-853.4351511
-853.7921888
-854.1525365
-854.544912
-854.9447662
-855.2781174
-855.6586324
-856.0698203
-856.4359992
-856.8041627
-857.1584807
-857.4974885
-857.894316
-858.2537144
-858.6298742
-859.0077831
-859.423081
-859.7801121
-860.1769422
-860.4633438
-860.7919037
-861.148294
-861.507959
-861.862741
-862.2320181
-862.6083513
-863.0426522
-863.4280153
-863.8566692
-864.3047276
-864.9099655
-865.3204649
-865.7129164
-866.0970099
-866.5088879
-866.9093857
-867.3162024
-867.7272596
-868.1445161
-868.5528625
-868.9283832
-869.3233261
-869.7251432
-870.139156
-870.584496
-871.0380438
-871.4999152
-871.9149381
-872.3588191
-872.7973293
-873.2233893
-873.6355153
-874.0482838
-874.5124276
-874.96185
-875.4072246
-875.8531955
-876.2994668
-876.7362877
-877.1605471
-877.6074509
-878.0370455
-878.46076
-878.8778926
-879.3001993
-879.7294786
-880.1843476
-880.6388274
-881.0778827
-881.5172908
-881.9798524
-882.4396891
-882.8693389
-883.2944272
-883.752712
-884.1842632
-884.6195648
-885.0389116
-885.4721502
-885.8873157
-886.2352154
-886.6121788
-887.0108527
-887.4445834
-887.8999601
-888.335398
-888.7880135
-889.2006534
-889.616865
-889.9995649
-890.3746946
-890.7543304
-891.1246848
-891.5240533
-891.9449032
-892.3681314
-892.7898452
-893.1900448
-893.6179444
-894.0082247
-894.3853757
-894.7588689
-895.1501675
-895.6455061
-896.0564761
-896.4525415
-896.8427839
-897.2275996
-897.6019284
-897.9945242
-898.3775587
-898.7626249
-899.1680002
-899.8190392
-900.2096967
-900.5899741
-900.9751355
-901.3738232
-901.7588264
-902.1824158
-902.57096
-902.9518539
-903.3199037
-903.6812368
-904.0614484
-904.3797943
-904.7567752
-905.1277066
-905.5110958
-905.9017549
-906.2940601
-906.6751179
-907.0916568
-907.439304
-907.8119647
-908.097414
-908.4630187
-908.8364145
-909.2179619
-909.6022104
-909.9712658
-910.3373159
-910.754094
-911.116379
-911.4804998
-911.8711003
-912.2198686
-912.5935225
-912.971294
-913.3764251
-913.7639155
-914.127577
-914.5024137
-914.8341486
-915.1686789
-915.5414289
-915.9659062
-916.3381569
-916.7132886
-917.0901888
-917.4625997
-917.8233515
-918.1261911
-918.5789077
-918.9352436
-919.3080434
-919.6718864
-920.0406481
-920.4125919
-920.7848359
-921.1480951
-921.5221244
-921.9057225
-922.2768973
-922.6438162
-923.0197701
-923.3840674
-923.7605436
-924.1106058
-924.4488855
-924.7849313
-925.1463713
-925.5005789
-925.8517119
-926.217841
-926.5858088
-926.953902
-927.3311591
-927.6843281
-928.0618609
-928.4002731
-928.7697627
-929.1372569
-929.4939282
-929.8798571
-930.237765
-930.5822476
-930.9497121
-931.3213866
-931.6758508
-932.0436374
-932.4065408
-932.7803824
-933.1302241
-933.4642079
-933.831652
-934.1870026
-934.5439834
-934.9102804
-935.2861074
-935.6551647
-936.0315487
-936.3775468
-936.7356735
-937.109133
-937.4779332
-937.849647
-938.214063
-938.5719823
-938.9255979
-939.2205589
-939.5738558
-939.9463462
-940.3098501
-940.6847371
-941.0475542
-941.4036589
-941.756167
-942.1962066
-942.5579794
-942.9193592
-943.2758203
-943.627171
-944.0002096
-944.3435821
-944.711273
-945.0850005
-945.4448782
-945.8179034
-946.1796119
-946.6006301
-946.954286
-947.3270232
-947.6915349
-948.0487983
-948.4173656
-948.7940422
-949.1515158
-949.5199795
-949.8707975
-950.25914
-950.6242177
-950.9992405
-951.3319257
-951.6645901
-951.9885441
-952.349149
-952.7237572
-953.07446
-953.4343868
-953.8164577
-954.1936064
-954.5484245
-954.9025672
-955.2764718
-955.6376216
-956.0166342
-956.3907424
-956.7578317
-957.1317413
-957.5087884
-957.8874923
-958.2723516
-958.6423832
-959.0387539
-959.4113946
-959.7597241
-960.1029111
-960.4559148
-960.8381768
-961.1283348
-961.4772187
-961.8480702
-962.2377738
-962.7016278
-963.0774185
-963.3830189
-963.739757
-964.1042215
-964.4620981
-964.8274626
-965.3123523
-965.7103965
-966.0709245
-966.4429433
-966.80873
-967.180458
-967.5130653
-967.8442378
-968.1866453
-968.592181
-968.9654222
-969.3778618
-969.7461558
-970.1458464
-970.5259222
-970.8895828
-971.2597608
-971.6116327
-971.9677034
-972.330278
-972.69859
-973.0970793
-973.4718954
-973.8200126
-974.1860492
-974.5203225
-974.8531735
-975.2155108
-975.5536713
-975.9313809
-976.314214
-976.6864092
-977.0369089
-977.401196
-977.75104
-978.0832803
-978.4260191
-978.7919912
-979.1286269
-979.454554
-979.8129034
-980.1742989
-980.5044607
-980.8474881
-979.89898
-980.2375781
-980.5824406
-980.9007105
-981.2410732
-981.589953
-981.9338083
-982.2887462
-982.6684193
-983.0189002
-983.3438064
-983.7143776
-984.0774301
-984.4123632
-984.7496685
-985.0326155
-985.4189645
-985.7723877
-986.1349208
-986.6054182
-986.9199195
-987.300753
-987.7210759
-988.0321159
-988.3519317
-988.6901682
-989.0277874
-989.3017534
-989.6846313
-990.0112952
-990.3713653
-990.7308682
-991.0734316
-991.4222317
-991.7703801
-992.0564388
-992.3777834
-992.7190654
-993.0700758
-993.4010784
-993.741286
-994.0765957
-994.4309768
-994.7702896
-995.1581796
-995.5192451
-995.8901078
-996.2594859
-996.5891934
-996.9458391
-997.2662712
-997.5888347
-998.0119859
-998.3658706
-998.7320521
-999.0694056
-999.4102463
-999.7596262
-1000.11066
-1000.409609
-1000.747985
-1001.083426
-1001.424934
-1001.752816
-1001.859177
-1002.192374
-1002.553403
-1002.87488
-1003.201987
-1003.489601
-1003.839886
-1004.164443
-1003.810215
-1004.127
-1004.470824
-1004.808986
-1005.131901
-1005.430968
-1005.745738
-1006.099235
-1006.357805
-1006.694667
-1007.008746
-1007.322662
-1007.652547
-1007.969554
-1008.309972
-1008.63261
-1008.974264
-1009.280214
-1009.599187
-1009.935241
-1010.265541
-1011.005845
-1011.288128
-1011.625016
-1011.937385
-1012.26799
-1012.593122
-1012.930386
-1013.264238
-1013.580957
-1013.899153
-1014.244088
-1014.543014
-1014.908265
-1015.208416
-1015.511665
-1015.812737
-1016.104137
-1016.414886
-1016.742601
-1017.056348
-1017.363651
-1017.692653
-1017.976137
-1018.292907
-1018.620069
-1018.942884
-1019.248384
-1019.55803
-1019.87951
-1020.179582
-1020.485127
-1020.776099
-1021.087805
-1021.402531
-1021.715454
-1022.002431
-1022.310008
-1022.6154
-1022.932644
-1023.224292
-1023.513638
-1023.77744
-1024.078177
-1024.37571
-1024.692013
-1024.979744
-1025.265278
-1025.557795
-1025.829665
-1026.149501
-1026.458643
-1026.714443
-1026.984228
-1027.274105
-1027.570114
-1027.838972
-1028.131041
-1028.39544
-1028.677463
-1028.949368
-1029.241199
-1029.503227
-1029.773743
-1030.037278
-1030.317641
-1030.594753
-1030.877045
-1031.164503
-1031.41373
-1031.68894
-1031.938547
-1032.227568
-1032.506723
-1032.775406
-1033.056619
-1033.297046
-1033.572192
-1033.822013
-1034.076447
-1034.326767
-1034.592263
-1034.853173
-1035.071133
-1035.319793
-1035.57678
-1035.846402
-1036.111124
-1036.374563
-1036.600718
-1036.799571
-1037.045672
-1037.300021
-1037.540664
-1037.807775
-1038.091954
-1038.34854
-1038.567723
-1038.766179
-1039.009356
-1039.233316
-1039.592689
-1039.858268
-1039.573239
-1039.779508
-1039.953102
-1040.142633
-1040.36399
-1040.585797
-1040.780384
-1040.985797
-1041.240958
-1041.45016
-1041.654908
-1041.90516
-1042.135129
-1042.370927
-1042.787741
-1043.056674
-1043.194795
-1043.416626
-1043.607776
-1043.77935
-1043.997462
-1044.213296
-1044.438417
-1044.664526
-1044.887786
-1045.112602
-1044.895702
-1045.118215
-1045.342337
-1045.541959
-1045.61127
-1045.796203
-1045.988248
-1046.151923
-1046.361672
-1046.4933
-1046.695289
-1046.93929
-1047.134468
-1047.322439
-1047.481459
-1047.814754
-1047.992217
-1047.901233
-1048.102434
-1047.91245
-1048.07695
-1048.274978
-1048.453094
-1048.614689
-1048.801269
-1048.990061
-1049.282989
-1049.458025
-1049.612164
-1049.769882
-1049.925031
-1050.08882
-1050.237055
-1050.383324
-1050.566455
-1050.917457
-1050.384124
-1049.771316
-1049.943839
-1049.49487
-1049.526419
-1049.673682
-1049.829919
-1050.006685
-1050.154503
-1050.295082
-1049.517056
-1049.640394
-1049.809195
-1049.196061
-1049.329943
-1049.443174
-1049.598289
-1049.440553
-1049.561818
-1049.680364
-1049.799616
-1049.951114
-1048.972151
-1049.058092
-1049.127429
-1049.218929
-1049.323153
-1049.418335
-1049.522369
-1049.662991
-1049.776091
-1049.862204
-1050.067675
-1050.155925
-1050.248391
-1050.319185
-1050.441346
-1050.560978
-1050.676674
-1050.822903
-1050.96037
-1051.069342
-1051.169555
-1051.266336
-1051.348298
-1051.437289
-1051.553171
-1051.563712
-1051.629183
-1051.725124
-1051.832425
-1051.886699
-1052.017985
-1052.177932
-1052.271238
-1052.348217
-1052.421051
-1052.537983
-1052.638709
-1052.752048
-1052.854397
-1052.925762
-1053.017323
-1053.081869
-1053.153519
-1053.20713
-1053.165843
-1053.269155
-1053.342059
-1053.413865
-1053.494662
-1053.543671
-1053.626391
-1053.345888
-1053.448437
-1053.520443
-1053.584201
-1053.557436
-1053.604796
-1053.687501
-1053.761049
-1053.823941
-1053.92014
-1054.070061
-1054.162594
-1054.209773
-1054.289485
-1054.347254
-1054.411346
-1054.520134
-1054.586716
-1054.670606
-1054.782412
-1054.828288
-1054.706364
-1054.756141
-1054.705473
-1054.735938
-1054.800091
-1055.103951
-1055.222577
-1055.283844
-1055.347843
-1055.422752
-1055.559847
-1055.674257
-1055.764649
-1055.853955
-1055.900036
-1055.900689
-1055.933988
-1055.945455
-1055.986559
-1056.008344
-1055.857372
-1055.881438
-1056.137523
-1056.209708
-1056.237778
-1056.287605
-1056.268041
-1056.308708
-1056.364612
-1056.390814
-1056.407527
-1056.409451
-1056.426909
-1056.416663
-1056.476112
-1056.517437
-1056.570592
-1056.411241
-1056.441084
-1056.483907
-1056.521038
-1056.602553
-1056.620641
-1056.640739
-1056.713327
-1056.742682
-1056.762633
-1056.798016
-1056.848925
-1056.893092
-1056.969452
-1056.995175
-1057.024391
-1057.051097
-1057.087664
-1057.146878
-1057.185044
-1057.238037
-1057.275731
-1057.281986
-1057.304069
-1057.325726
-1057.349597
-1057.375582
-1057.392435
-1057.397754
-1057.421632
-1057.439283
-1057.465263
-1057.491905
-1057.505835
-1057.520647
-1057.495628
-1057.524558
-1057.540382
-1057.547637
-1057.55193
-1057.567756
-1057.581628
-1057.569245
-1057.579674
-1057.626198
-1057.680907
-1057.707696
-1057.911401
-1057.899577
-1058.648032
-1057.672786
-1057.757281
-1057.934881
-1057.98578
-1058.098713
-1058.124142
-1058.130948
-1058.08435
-1058.108088
-1058.152067
-1058.18415
-1058.203843
-1058.288407
-1058.867528
-1058.868583
-1059.034008
-1059.119897
-1058.956397
-1058.956403
-1059.028236
-1059.041075
-1059.062156
-1059.162311
-1058.794342
-1058.926753
-1059.535096
-1059.520082
-1059.41956
-1059.036304
-1059.94787
-1060.043373
-1060.092968
-1060.007197
-1059.886451
-1060.356432
-1060.397464
-1060.282396
-1060.387426
-1061.386906
-1061.123759
-1061.168981
-1061.105341
-1061.514223
-1060.518565
-1060.528083
-1060.612241
-1060.665348
-1060.744115
-1060.734409
-1060.853737
-1060.890905
-1060.720213
-1060.797581
-1060.82668
-1060.732027
-1060.829997
-1060.867236
-1060.246611
-1060.301226
-1060.335944
-1059.655236
-1059.698584
-1059.771891
-1059.798701
-1059.792063
-1059.806594
-1060.474678
-1061.317525
-1061.926649
-1062.002496
-1061.957822
-1062.089307
-1062.146438
-1061.515164
-1060.719064
-1059.871635
-1059.876676
-1059.836522
-1059.904991
-1059.948137
-1060.001752
-1060.070805
-1060.086201
-1060.158671
-1060.175421
-1060.174342
-1060.001354
-1060.088018
-1060.144994
-1060.239038
-1060.324808
-1060.380682
-1060.463188
-1060.461762
-1060.539977
-1060.645641
-1060.73826
-1060.804588
-1060.85983
-1060.954131
-1061.065847
-1061.183186
-1061.250652
-1061.366116
-1061.492558
-1061.572313
-1061.677027
-1061.825409
-1062.689432
-1061.846662
-1061.205981
-1061.372076
-1062.07053
-1062.123975
-1062.554698
-1061.592533
-1061.71127
-1061.798701
-1061.905193
-1061.968663
-1062.080409
-1062.265131
-1061.41554
-1061.445485
-1060.573842
-1059.986767
-1060.031664
-1060.079575
-1060.386871
-1060.595784
-1060.672167
-1060.83193
-1060.978637
-1060.081503
-1061.078893
-1061.133752
-1061.329228
-1061.846079
-1062.676999
-1063.220104
-1063.907826
-1064.882219
-1065.054517
-1065.509252
-1065.568417
-1065.767523
-1066.071863
-1066.279704
-1067.082895
-1067.049389
-1067.249021
-1067.179639
-1067.095788
-1067.043121
-1067.96547
-1067.923544
-1067.914964
-1067.758753
-1067.93254
-1067.774452
-1068.116225
-1067.907923
-1067.669063
-1067.462064
-1067.161711
-1066.869314
-1066.55246
-1066.204191
-1065.852731
-1065.466824
-1065.08702
-1064.670672
-1064.213052
-1063.742775
-1063.224965
-1062.724786
-1062.215098
-1061.616825
-1060.956533
-1060.330852
-1059.673649
-1059.033982
-1058.3337
-1057.617066
-1056.884564
-1056.05463
-1055.246755
-1054.438195
-1053.63271
-1053.027902
-1052.129124
-1051.273409
-1050.378845
-1049.504272
-1048.572065
-1047.641408
-1046.711812
-1045.775152
-1044.865315
-1043.911451
-1042.918336
-1041.945132
-1040.952228
-1039.966935
-1038.972694
-1037.978599
-1036.980458
-1035.980736
-1034.982113
-1033.985173
-1032.991989
-1031.997647
-1031.00262
-1030.009923
-1029.020161
-1028.03504
-1027.050049
-1026.074829
-1025.096628
-1024.136925
-1023.149604
-1022.179348
-1021.221166
-1020.252429
-1019.290103
-1018.32295
-1017.36839
-1016.667098
-1015.703217
-1014.711438
-1013.757184
-1012.800288
-1011.846947
-1010.895345
-1009.940074
-1008.99311
-1008.046207
-1007.106324
-1006.166889
-1005.231349
-1004.29679
-1003.355353
-1002.414154
-1001.474647
-1000.528973
-999.5891287
-998.6510563
-997.7087609
-996.755963
-995.8085225
-994.8719354
-993.9275617
-992.9762137
-992.0326563
-991.0888979
-990.1411939
-989.1966745
-988.2517482
-987.3073187
-986.3667282
-985.4285913
-984.4978438
-983.6079949
-982.6643554
-981.734637
-980.7908358
-979.8502185
-978.9223655
-977.996471
-977.0493828
-976.1114042
-975.1651574
-974.2331788
-973.3248467
-972.3685561
-971.429842
-970.4941875
-969.559362
-968.6284778
-967.7009016
-966.7797408
-965.8514648
-964.9217954
-963.983381
-963.0579598
-962.1178
-961.1825288
-960.2463129
-959.310168
-958.3770895
-957.444238
-956.5094019
-955.5522214
-954.6177019
-953.6851939
-952.7496124
-951.8123956
-950.880899
-949.9406954
-949.0270831
-948.0899418
-947.145346
-946.2011285
-945.2566517
-944.3234449
-943.3979313
-942.4616815
-941.5211142
-940.5780271
-939.6325493
-938.6908067
-937.7507284
-936.8117702
-935.8706578
-934.9334403
-933.996072
-933.0537815
-932.1023428
-931.1498102
-930.2153521
-929.2666338
-928.3397911
-927.4035662
-926.4561874
-925.5001523
-924.5674742
-923.6169595
-922.6642115
-921.703843
-920.7573268
-919.8127869
-918.8688755
-917.921888
-916.970634
-916.0039935
-915.0557738
-914.1047321
-913.163033
-912.2148841
-911.2623918
-910.3313012
-909.3742811
-908.4415319
-907.6638038
-906.7175418
-905.7564123
-904.7998395
-903.8614971
-902.9054616
-901.9586737
-900.9796579
-900.0428711
-899.0740761
-898.1137439
-897.1535744
-896.1982971
-895.2397434
-894.2954376
-893.3588273
-892.4321444
-891.4853058
-890.5290776
-889.5979774
-888.6647044
-887.7563471
-886.9583542
-886.0112643
-885.0623302
-884.1093781
-883.2642923
-882.3380327
-881.3931597
-880.4417952
-879.4822062
-878.531023
-877.5842814
-876.6505051
-875.7349574
-874.7875963
-873.8465475
-872.8984625
-871.9551146
-871.007549
-870.0652838
-869.1117079
-868.1492571
-867.1996965
-866.2530816
-865.3020669
-864.3368334
-863.3777393
-862.4345926
-861.4773007
-860.5208689
-859.5923159
-858.643524
-857.6872837
-856.7362299
-855.7665251
-854.791742
-853.8325923
-852.8892777
-851.9464347
-851.0032978
-850.0346246
-849.0976908
-848.1258781
-847.1774714
-846.2258373
-845.2764979
-844.3293433
-843.3804135
-842.4371001
-841.4833518
-840.518036
-839.5678007
-838.6171637
-837.6583782
-836.7084466
-835.7528248
-834.7950004
-833.8328832
-832.9252314
-831.9687885
-831.0105185
-830.0493291
-829.0938713
-828.1371276
-827.1807329
-826.2227547
-825.2719659
-824.315313
-823.3632728
-822.4159554
-821.4527778
-820.4987943
-819.532297
-818.5733079
-817.6124609
-816.6575167
-815.6851986
-814.725624
-813.7638109
-812.87551
-811.9176677
-810.9560534
-809.9940118
-809.0289228
-808.0834341
-807.1212842
-806.1581041
-805.1988366
-804.2329439
-803.2825014
-802.352347
-801.3961711
-800.4378601
-799.4761137
-798.6822938
-797.714229
-796.7703655
-795.8052522
-794.844088
-793.8878429
-792.9330527
-791.9649932
-791.007279
-790.045961
-789.0539437
-788.6647194
-787.7065796
-786.7542223
-785.8038924
-784.8368822
-783.8774285
-782.9143595
-781.9507259
-780.9870182
-780.0497975
-779.0902427
-778.1310961
-777.1571151
-776.1966336
-775.2946776
-774.3488729
-773.3865448
-772.4174047
-771.4474652
-770.4806929
-769.5116258
-768.5475817
-767.5912612
-766.6293385
-765.6713786
-764.7057687
-763.746098
-762.788544
-761.8272015
-760.8827455
-759.9156859
-758.9450384
-757.9929407
-757.0298758
-756.0683548
-755.1425359
-754.1895025
-753.3104052
-752.3490997
-751.3780683
-751.1507129
-750.1647064
-749.1982848
-748.235846
-747.2686863
-746.3124109
-745.3417444
-745.3553073
-744.3789076
-743.4040053
-742.4340481
-741.4727336
-740.4919934
-739.5290837
-738.554146
-737.573168
-736.6034168
-735.6278818
-734.6519511
-733.6780141
-732.7007526
-731.9456857
-730.951011
-729.9704709
-729.0376157
-728.0522588
-727.0756021
-726.0976545
-725.1099921
-724.126887
-723.1544079
-722.2106077
-721.2115172
-720.707568
-719.7710256
-718.7929634
-717.8132891
-716.8354037
-715.8538475
-714.9191182
-715.446207
-714.4672421
-713.4976308
-712.5245364
-711.551698
-710.5709381
-709.5935701
-708.6159338
-708.9056064
-707.9390727
-706.9597895
-705.9813257
-705.0021125
-704.0246702
-703.0499626
-702.0733499
-701.0965318
-700.1181951
-699.1504145
-698.1722735
-697.1923619
-696.2264576
-695.2900556
-694.3132673
-693.3211775
-692.3570909
-691.4157341
-690.4317344
-689.4546942
-689.5635475
-688.5930421
-687.6151141
-686.6374354
-685.6705471
-684.6968327
-683.7266488
-682.7470214
-681.7664418
-680.7881712
-679.8133018
-678.8317206
-677.85541
-676.8866891
-675.9128708
-674.9368938
-673.9556734
-672.9636999
-671.9852995
-671.0130646
-670.0412832
-669.063276
-668.0961352
-667.1077359
-666.1266032
-665.1411356
-664.1624885
-663.1944527
-662.2201555
-661.2336986
-660.2503552
-659.2709499
-658.2887443
-657.3103508
-656.3315601
-655.3492002
-654.369852
-653.3809608
-652.4157872
-651.427062
-650.4418931
-649.457342
-648.4896158
-647.5116634
-646.5172524
-645.5338069
-644.5450589
-643.5665613
-642.5850374
-641.602474
-640.6238294
-639.6480109
-638.675441
-637.6907965
-636.716403
-635.7419432
-634.7600738
-633.7770756
-632.79871
-631.809634
-630.8317106
-629.8496351
-628.8584348
-627.8743921
-626.8920143
-625.9108467
-624.9270564
-623.9419419
-622.9584639
-621.9731913
-620.9847006
-620.0074655
-619.0265655
-618.0431311
-617.0605622
-616.074021
-615.0870672
-614.1019695
-613.1199152
-612.1347099
-611.1511413
-610.1636632
-609.1887837
-608.204344
-607.220465
-606.23687
-605.2628507
-604.2642547
-603.2756438
-602.2834827
-601.2958652
-600.3119008
-599.3312665
-598.347615
-597.3662425
-596.3802116
-595.3883456
-594.3981489
-593.4065536
-592.4255916
-591.442363
-590.4571923
-589.4688023
-588.4872675
-587.5015179
-586.529938
-585.5374406
-584.5510191
-583.5704214
-582.5851381
-581.5928624
-580.6129931
-579.6457561
-578.6537144
-577.6557226
-576.6723572
-575.6799348
-574.6879498
-573.702732
-572.7239821
-571.748209
-570.7660636
-569.7778134
-568.7860888
-567.7985315
-566.8150465
-565.8202701
-564.8338031
-563.8500343
-562.8658957
-561.8755496
-560.8847348
-559.8919524
-558.906389
-557.9244538
-556.94034
-555.9569799
-554.9761713
-553.9889116
-553.0085879
-552.0198842
-551.0343875
-550.0459422
-549.0589285
-548.0622827
-547.0737924
-546.0874917
-545.1024382
-544.1111361
-543.1202375
-542.1299967
-541.1430584
-540.1555036
-539.167092
-538.1754403
-537.1836774
-536.195096
-535.2028624
-534.2114443
-533.2248255
-532.2337553
-531.2703359
-531.7941598
-530.8098452
-529.8220732
-528.8282349
-527.8391356
-526.8494528
-525.8674216
-524.8777494
-523.888673
-522.9213185
-521.9292704
-520.9446117
-519.9461748
-518.9551258
-517.9620458
-516.9708543
-515.974076
-516.7534923
-515.757524
-515.0113021
-514.0176987
-513.0273982
-512.0474185
-511.0669048
-510.0703878
-509.0751347
-508.0809273
-507.0899571
-506.0971609
-505.1152363
-504.127834
-503.1385612
-502.1512397
-502.2586233
-501.282464
-500.2950314
-499.2966736
-498.2994808
-497.307216
-496.3136198
-495.3191035
-494.343339
-495.336087
-494.342571
-493.3527116
-492.3616847
-491.3733137
-490.3778208
-489.3850512
-488.3945302
-487.3997297
-486.4043291
-485.4134403
-484.4184602
-483.426944
-482.4345716
-481.4442351
-480.4491256
-479.4580827
-478.487606
-477.6725225
-476.6781739
-475.6862659
-474.6917238
-473.699352
-472.7068177
-471.7152687
-470.7232792
-469.732652
-468.7423888
-467.7453376
-466.7526658
-465.7629243
-466.1331404
-465.8478862
-464.8562376
-463.8647726
-462.8789826
-461.8843858
-460.8941451
-459.9007881
-458.91402
-457.943893
-457.7878479
-456.7975106
-455.8172224
-454.8318069
-453.8444943
-452.8495098
-451.8544298
-450.8755023
-449.8765445
-448.8788137
-447.8817889
-448.834941
-447.8421704
-446.8499816
-445.8599819
-444.8933577
-443.9034214
-442.9156164
-442.0180853
-441.5219349
-440.5274685
-439.5399115
-438.7084714
-437.7184565
-436.7291334
-435.7476937
-434.7531494
-433.7672941
-432.7896491
-431.8048439
-430.8104009
-429.8223713
-428.8291522
-427.834408
-426.8410119
-425.8578197
-424.8756203
-423.8893642
-422.8972522
-422.0044439
-421.016404
-420.0294361
-419.0432436
-418.0530294
-417.0658297
-418.0547473
-417.0867715
-416.0990868
-415.1073292
-414.1166422
-413.1386757
-412.1456692
-411.2081173
-410.2288432
-409.2445787
-408.2514126
-407.2644774
-406.2766734
-405.2919979
-404.3042773
-403.3245566
-402.333604
-401.3438215
-400.3586068
-399.3670832
-398.3778734
-397.3851368
-396.411737
-395.4245327
-394.436133
-393.44862
-392.4694354
-391.4840202
-390.4936663
-389.5010124
-388.51111
-387.519843
-386.5339332
-385.552395
-384.5775474
-383.5921001
-382.6051777
-381.6139766
-380.6210226
-379.6323398
-378.644778
-377.6581683
-376.6734169
-375.6861551
-374.6979903
-373.7100514
-372.7192645
-371.7354885
-370.749143
-369.7575528
-368.7671339
-367.7775422
-366.7896192
-365.7970793
-364.807683
-363.8184923
-362.8309106
-361.843552
-360.8610531
-359.8733768
-358.8804508
-357.8866893
-356.892337
-355.9157028
-354.9240571
-353.9392906
-352.9482197
-351.9624393
-352.4873219
-351.5004024
-350.5141298
-349.5198644
-348.5508454
-347.5841466
-346.5988454
-345.6063794
-344.6258592
-343.6342349
-342.6456639
-341.6674431
-340.6765917
-339.6899884
-338.6911281
-337.706229
-336.7146516
-335.72256
-334.7295957
-333.735436
-332.7463344
-331.7567427
-330.7669446
-329.7768528
-328.784239
-327.7907656
-326.797665
-325.8009001
-326.0040107
-325.0106878
-324.0153313
-323.0216634
-322.0262176
-321.0305562
-320.0399623
-319.0460948
-318.0522133
-317.0587423
-316.071474
-315.0759767
-314.0803226
-313.0962357
-312.1022255
-311.1111353
-310.1214923
-309.1310274
-308.1383906
-307.1743169
-306.181053
-305.1854245
-304.1890261
-303.1974383
-302.2019527
-301.2116302
-300.2187952
-299.2259623
-298.2309251
-297.2377708
-296.2430587
-295.2505506
-294.2593656
-293.2623026
-292.2778299
-291.2850711
-290.2892305
-289.293897
-288.2984398
-287.3031095
-286.3130768
-285.3229903
-284.3277462
-283.3312163
-282.3369859
-281.495756
-280.5048598
-279.5114181
-278.5153939
-277.5229473
-276.5241623
-275.5276491
-274.5345834
-274.2425618
-273.2488406
-272.2524962
-271.2570971
-270.2680279
-269.2714382
-268.2764107
-267.2822908
-266.2917749
-265.3004942
-264.3093169
-263.3177072
-262.3913307
-261.4185683
-260.4218727
-259.4267722
-258.4412559
-257.4555126
-256.4627795
-256.7134783
-255.7191678
-254.7237313
-253.7276772
-252.731923
-251.7422066
-250.774835
-249.7787285
-248.7855427
-247.8216636
-246.9328848
-246.2355594
-245.2414103
-244.2503169
-243.2517054
-242.2550437
-241.256403
-240.2954657
-239.2987544
-238.3001327
-237.3022553
-236.3268837
-235.3295874
-234.3318812
-233.3338513
-233.9664246
-232.9706886
-231.9707984
-230.9721089
-229.9745536
-228.9751552
-227.9785499
-226.9829289
-226.0492375
-225.0523044
-224.0541669
-223.061143
-222.0625568
-221.0655059
-220.0791327
-219.0812462
-218.08437
-217.1248337
-216.1300826
-215.1325679
-214.1485268
-213.3764317
-212.3775523
-211.3814345
-210.4023926
-209.4047938
-208.4150776
-207.4188993
-206.4293554
-205.4375508
-204.4440972
-203.4468031
-202.4508616
-201.4596822
-200.4615836
-199.4677738
-198.4822522
-197.4832601
-196.4900818
-195.4921889
-194.4950868
-193.5089932
-192.5191687
-191.5355468
-190.5385987
-189.5452114
-188.548625
-187.5723937
-186.8774997
-185.8990989
-184.93543
-183.9569904
-182.9771984
-181.9889596
-180.9920681
-179.9954122
-179.0268789
-178.4442536
-177.4551415
-176.475647
-175.4844832
-174.4947619
-174.0657207
-173.0899546
-172.9736697
-173.0862727
-172.1316193
-171.1430394
-170.1806514
-169.2543271
-168.2658757
-167.2917993
-166.3131261
-165.3166118
-164.3935605
-163.397363
-164.3845774
-163.7208144
-163.2229302
-162.3126158
-162.725991
-162.0822397
-161.655254
-162.1649657
-162.026033
-162.5856017
-162.3918772
-162.656195
-163.6161627
-162.6534907
-162.5440511
-163.2479437
-162.2999216
-162.290118
-162.0876969
-162.3220863
-162.8852285
-162.4590941
-162.5820706
-162.4999593
-163.1202971
-163.9867467
-164.0035491
-164.9215849
-164.0338273
-163.5612037
-163.281237
-164.2125847
-165.0057673
-164.9683556
-164.4672231
-163.6003988
-163.0757424
-163.5297412
-162.9806111
-162.1132291
-161.3384686
-160.5712019
-159.8671838
-159.0704168
-158.7474537
-157.8757919
-158.3517825
-157.5579522
-156.6317176
-157.2945458
-158.0295316
-158.7313404
-158.1722163
-157.3587042
-156.6258998
-155.9527047
-155.4392354
-155.7580851
-155.624772
-156.2886142
-156.0827225
-156.8261566
-157.5602054
-157.020224
-157.5159326
-157.1727517
-157.4100067
-157.4979717
-157.3444821
-157.26464
-157.1391509
-157.0499363
-156.949105
-156.7599053
-156.7271458
-156.6891112
-156.6990557
-156.5282338
-156.6380563
-156.4289741
-156.2229032
-156.3153238
-156.1390463
-156.2643872
-156.2000715
-156.1155222
-155.9264355
-155.9046578
-155.7778856
-156.1742989
-156.0948001
-156.0976397
-155.8878935
-155.6973362
-155.4787655
-155.4318383
-155.0677048
-154.7968303
-154.6788501
-154.4044624
-154.1372088
-153.886148
-153.5843127
-153.2782917
-153.4929346
-153.1552031
-152.9707662
-152.4766643
-152.055353
-151.6628956
-151.3028584
-150.7700934
-150.3843975
-149.9850762
-149.4759535
-149.1386225
-148.6259026
-148.0671433
-147.4375943
-146.8634729
-146.2747206
-145.712418
-145.2113508
-144.5982813
-143.9640236
-143.3324238
-142.6717042
-142.0157688
-141.3417287
-140.6490017
-139.9747218
-139.0566877
-138.3480752
-137.6505191
-137.0281935
-136.3297683
-135.6252383
-134.8960948
-134.1774516
-133.4696513
-132.7559218
-132.0235619
-131.2753407
-130.5273876
-129.7729116
-129.0166432
-128.2655658
-127.5132562
-126.7747237
-126.0329247
-126.7723662
-126.0145004
-125.2609934
-124.5144262
-123.7336374
-122.9550337
-122.1869216
-121.4370289
-120.6968658
-119.9382812
-119.1904859
-118.4405833
-117.7027177
-116.9656664
-116.2211865
-116.0315169
-115.3592295
-114.5913415
-113.8250069
-113.0677538
-112.2993432
-111.5447499
-110.7887473
-110.0353505
-109.2841368
-108.5409546
-107.7814538
-107.0105988
-106.2448159
-105.494195
-104.7214347
-103.9470926
-103.1926972
-102.4233517
-101.6389913
-100.8762879
-100.1039166
-99.34118025
-98.58056852
-97.80773482
-97.03041999
-96.26609782
-95.49993949
-94.7286088
-93.95411732
-93.18794788
-92.41369444
-91.64545879
-90.87627506
-90.12424667
-89.35476505
-88.59768345
-87.82768951
-87.06659203
-86.29567381
-85.52419093
-84.75814096
-83.94921219
-83.17116496
-82.38463059
-81.5997713
-80.82062954
-80.0412188
-79.27424761
-78.51920183
-77.74438537
-76.96757101
-76.19242634
-75.40818686
-74.63495005
-73.88397492
-73.1378819
-72.38667588
-71.63417192
-70.88700151
-70.13847652
-69.3836509
-68.60239869
-67.84383807
-67.10382799
-66.34753268
-65.57475646
-64.8277269
-64.12621946
-63.35327052
-62.58965846
-61.8146342
-61.02398441
-60.22959578
-59.4533837
-58.67035182
-57.91889588
-57.12590107
-56.37462166
-55.61356022
-54.82478092
-54.0744204
-53.30601895
-52.53177644
-51.78730567
-51.04187626
-50.23398223
-49.47528366
-48.70041759
-47.91861717
-47.15133517
-46.37391914
-45.59679619
-44.81759918
-44.04207534
-43.22866818
-42.49366723
-41.77063683
-41.01384832
-40.24244169
-39.45807532
-38.64423642
-37.87560038
-37.08677816
-36.31863258
-35.57818749
-35.14725521
-34.39293269
-33.67307271
-32.92339728
-32.18131194
-31.40959621
-30.64208963
-29.88037453
-29.12092632
-28.39757346
-27.63035497
-26.91098734
-26.1196812
-25.92391095
-25.60005528
-26.37405621
-25.63516004
-25.82748063
-25.10169854
-24.84017211
-24.19073974
-24.99612114
-25.75547981
-26.40501392
-26.26165677
-25.40357855
-25.40149879
-25.34580613
-25.19098767
-24.93588215
-24.81307556
-24.64706747
