0
0.899399765
1.894935258
2.887387362
2.571736361
3.494129519
3.493756541
2.779308663
3.775265419
4.773957489
5.770800699
6.768574137
7.76216888
8.759039274
9.750643356
10.74622125
11.73744048
12.73321461
13.72924298
14.72793297
15.72415534
16.72293351
17.72271623
18.72230269
19.72074287
20.71253753
21.70927422
22.70559467
23.7044243
24.70283016
25.69614782
26.69364403
27.69114377
28.69035515
29.68866045
30.68819791
31.6858544
32.6775065
33.66417587
34.65509929
33.65808005
34.65665607
35.65451427
36.65426555
37.63983596
38.63833827
39.63696383
40.63561464
41.63430179
42.62759297
43.61969941
44.61755468
45.61655995
46.61405541
47.61089997
46.61436458
47.61207811
48.60725858
49.60470245
50.60211084
51.59995994
52.5969014
53.59289622
54.58789372
55.58535376
56.58300317
57.58180051
58.57702857
59.57172689
60.56721497
61.56531205
62.56345144
63.56041442
64.55720118
65.55497047
66.54914801
67.54621444
68.5417307
69.53696988
70.5323481
71.52950243
72.52693967
73.52366632
74.52149836
75.51437334
76.50988474
77.50485743
78.50056172
79.49485709
80.48949505
81.48749591
82.48276257
83.47906268
84.47414225
85.47058218
86.46203598
87.45602246
88.44992958
89.44125916
90.43154505
91.43021422
92.42338663
93.41986177
94.41782848
95.41555965
96.413348
97.40993745
98.40939756
99.40390867
100.4021272
101.3965769
102.3833896
103.3745918
104.3697785
105.3654922
106.3590296
107.3546947
108.3491845
109.3334414
110.3266495
111.3224476
112.3140775
113.2890162
114.283503
115.2809665
116.2709732
117.2654024
118.2600723
119.2500059
120.243225
121.2365297
122.229152
123.2241156
124.2191021
125.2111998
126.2039005
127.1952182
128.1910453
129.1855082
130.1800346
131.1739174
132.1697344
133.1676874
134.1639343
135.1590341
136.1536607
137.1490774
138.1453886
139.1426685
140.1390607
141.1336952
142.1281895
143.123892
144.1218081
145.116632
146.1142076
147.111589
148.1070689
149.1015757
150.096715
151.0925206
152.0884456
153.0847586
154.0798767
155.0737634
156.0707415
157.0671241
158.0610573
159.0577344
160.051902
161.0475495
162.0442923
163.0403104
164.0376552
165.0344815
166.0293127
167.0242759
168.0183498
169.0157318
170.0138092
171.0098936
172.0012984
173.0011901
174.0009031
174.9989279
175.994233
176.9863556
177.9854857
178.9825715
179.9808133
180.9742283
181.9693292
182.9679831
183.9660446
184.9641526
185.959644
186.0126875
187.0113269
188.0081239
189.0057593
190.0038904
191.0031474
192.0026317
192.9948085
193.9923281
194.9895872
195.9829446
196.9718853
197.9395719
198.9331623
199.9280361
200.9202903
201.915391
202.9117861
203.9094174
204.9016752
205.8966419
206.8942097
207.8855115
208.8807348
209.8750493
210.8676008
211.8617263
212.8594743
212.554441
213.550259
214.5471474
215.5439034
216.5408216
217.5375407
218.5242001
219.5162677
220.514888
221.5086003
222.4996508
223.4559828
224.4489724
225.4469595
226.4402456
227.4353624
228.4116575
229.4068637
230.4026933
231.3942461
232.3910127
233.3884764
234.3845675
235.3792932
236.37315
237.3717624
238.3641374
239.3613767
240.3558578
241.3541522
242.3458131
243.3352749
244.3309692
245.3307908
246.3293716
247.328393
248.32666
249.324412
250.3210576
251.317136
252.3142291
253.3088202
254.3074684
255.306468
256.2991402
257.2968051
258.2857628
259.2656685
260.2556959
261.2493713
262.2424284
263.2229037
264.211152
265.2065811
266.1847043
267.169484
268.1482715
269.1236679
270.0833655
271.0566918
272.0246761
272.9824746
273.9360944
274.9003275
275.7948709
276.7484768
277.7388549
278.6744711
279.6285235
280.5184562
281.449443
282.3352552
283.2779394
284.2479265
285.1758909
286.1233715
287.0914541
288.0764441
289.0421966
290.0017916
290.8083213
291.7646587
292.6716757
293.6504501
294.6125907
295.5905777
296.5657567
297.5298381
298.50651
299.4858247
300.4686666
301.4502687
302.4000832
303.3837
304.3643151
305.3497999
306.336086
307.3231138
308.3098355
309.2773593
310.2583807
311.2266983
312.218722
313.202666
314.1881998
315.1725819
316.1601362
317.1582353
318.1508318
319.139092
320.1270593
321.1130759
322.1056001
323.0884463
324.0787054
325.0661653
326.0578226
327.0494935
328.0486317
329.0445496
330.0281474
331.0096794
331.9971603
332.9833462
333.9571173
334.9501681
335.931025
336.9188498
337.9044413
338.8923833
339.8676463
340.8555317
341.8426546
342.8301504
343.8196352
344.809692
345.7956507
346.7793602
347.7515959
348.7340695
349.7187539
350.706627
351.6931261
352.6793861
353.6665911
354.6592922
355.6395344
356.6311337
357.6284889
358.6185273
359.5964102
360.5857598
361.5748962
362.5694571
363.5620984
364.5490494
365.542728
366.5339119
367.5261493
368.5143211
369.5032979
370.4908198
371.4823953
372.4737398
373.4725536
374.4626321
375.4548324
376.444096
377.433742
378.4207456
379.4095146
380.4002047
381.3924378
382.3789121
383.3540453
384.3441796
385.3329019
386.3207122
387.3098996
388.2945827
389.2786676
390.2664745
391.2570627
392.241329
393.2318915
394.2166261
395.2103436
396.2003498
397.1799663
398.1632799
399.1542289
400.1299608
401.118599
402.1085724
403.0943365
404.0835159
405.0705352
406.0635943
407.0432275
408.0223071
409.016054
410.011038
411.0051349
411.9963435
412.9809639
413.9717596
414.9547533
415.9440973
416.9333811
417.9122007
418.9017457
419.8921758
420.8797822
421.8651675
422.8522265
423.8346155
424.8212333
425.8025144
426.7879126
427.771355
428.7582081
429.7487277
430.7325163
431.7234549
432.7166644
433.7055561
434.6926516
435.6783914
436.6686228
437.6586034
438.6491927
439.6367871
440.619987
441.6046915
442.5945686
443.5856758
444.5790455
445.5782097
446.5660068
447.5518436
448.5391045
449.5263022
450.5125437
451.4964869
452.486051
453.4781834
454.4350651
455.4208149
456.4085537
457.3899743
458.384109
459.3394698
460.327207
461.311646
462.2985554
463.2848622
464.273689
465.264539
466.2558057
467.2441148
468.2303236
469.2210292
470.2189464
471.2055678
472.1990743
473.1890773
474.1806939
475.1678285
476.1549343
477.143344
478.1410661
479.1286286
480.1206653
481.1025533
482.0954887
483.0790539
484.0740838
484.1796231
485.1654856
486.1539102
487.1382764
488.1266954
489.1153792
490.1085309
491.0987593
492.0805344
493.0697881
494.0641058
495.0587312
496.0495883
497.039185
498.0299686
499.0212933
500.0078818
501.0037119
501.9924595
502.9739651
503.967055
504.9533368
505.9423885
506.9352449
507.9253364
508.9139679
509.9045495
510.8851756
511.8761575
512.8556088
512.9099719
513.8997343
514.876329
515.863734
516.8508687
517.8449486
518.8267977
519.8147837
520.8026869
521.7954274
522.7683007
523.7546634
524.7410641
525.7338881
526.7217893
527.7094789
528.6969685
529.6862647
530.6822731
531.6727251
532.6620146
533.64812
534.6386832
535.6310637
536.6193265
537.6083732
538.5899062
539.5799832
540.565137
541.5518195
542.540174
543.529624
544.5150569
545.5057739
546.4950442
547.4937259
548.4790465
549.4715856
550.4588144
551.4454247
552.4352736
553.4249654
554.4039783
555.3906582
556.3804471
557.3676418
558.3566567
559.3414278
560.3275247
561.3155909
562.3033645
563.289347
564.2814029
565.2650387
566.2531942
567.2421058
568.2264807
569.2119725
570.1989304
571.1868943
572.1655282
573.1538529
574.1391704
575.1245831
576.1124113
577.099493
577.9542346
578.9416495
579.9263063
580.9152192
581.9014516
582.8850854
583.8596207
584.8470743
585.8346648
586.8047629
587.7920308
588.7779031
589.7662383
590.7552211
591.7393475
592.7276039
593.7123946
594.6947815
595.6813234
596.6677865
597.636068
598.6193605
599.6079793
600.5982783
601.5853557
602.5797319
603.5675771
604.5546915
605.5437537
606.5287339
607.5139763
608.4995118
609.4860432
610.4717672
611.4606671
612.4538181
613.4418
614.4305505
615.4172426
616.4039358
617.39825
618.3847619
619.3735899
620.362035
621.347127
622.3057169
623.2934583
624.2812689
623.3001655
624.2824636
625.2684973
626.2605255
627.249496
628.246327
629.2328857
630.2207391
631.2120268
632.2055144
633.191972
634.182568
635.1662445
636.1440878
637.1306762
638.1160381
639.1035076
640.0937604
641.0807548
642.0675888
643.0564237
644.0437856
645.0309752
646.0209196
647.0059561
647.9798668
648.9736599
649.9638822
650.953648
651.9341453
652.9214303
653.9063954
654.8946517
655.8759574
656.8606664
657.8515975
658.8336838
659.8209921
660.8077894
661.8077023
662.7923681
663.7698436
664.7597417
665.7394431
666.7260948
667.7059207
668.6958989
669.6852147
670.6734098
671.6711593
672.662997
673.6362174
674.6288303
675.6136438
676.6016666
677.5873767
678.5856038
679.5643444
680.5496101
681.5331696
682.5194527
683.5120592
684.4973396
685.4920003
686.4903407
687.4814246
688.4702325
689.4599769
690.4118915
691.4053297
692.3896004
693.3791839
694.3653701
695.3564732
696.3340259
697.3208903
698.3079215
699.3032714
700.2963186
701.287022
702.2794305
703.2719028
704.2589252
705.2558434
706.2198652
707.2160038
708.211558
709.1958392
710.1926502
711.1848492
712.1779827
713.1719054
714.1634993
715.1545659
716.1456141
716.8778317
717.8687347
718.8583629
719.8570895
720.851396
721.8420972
722.8353603
723.809669
724.7964112
725.7870802
726.3826103
727.2576378
728.2355154
729.2268519
730.1830822
731.1528521
732.140748
733.1070594
734.0693322
735.0495553
735.9688832
736.960193
737.8885475
738.8115483
739.7109242
740.706539
741.6440872
742.6435006
743.54937
744.2271077
745.1374948
746.1309317
747.0855309
747.975368
748.9558394
747.9595376
748.9479442
748.4466651
749.410467
750.3812353
751.3521629
752.2245115
753.0262745
753.8386219
754.183348
754.8987622
755.6307557
756.3165265
757.0007632
757.6235145
758.2614006
758.8782074
759.4736337
760.0383067
760.6026039
761.1600649
761.6958285
762.2322889
762.7367525
763.2106023
762.8597616
763.2777102
763.6996492
764.3914959
764.7807703
765.2588607
765.609916
765.9497357
766.2704989
766.6070538
767.1134668
767.4152209
767.6993543
767.9679692
768.2291936
768.4628663
768.6941093
768.9987095
769.2829575
769.4973788
769.7556344
769.9440366
770.4073228
770.6786857
771.0267054
771.2383588
771.4466025
771.6503834
771.8818057
772.1288164
772.3256042
772.5086634
772.2727597
772.4232527
772.5926103
772.7627793
772.9125133
773.0855334
773.2305203
773.3930769
773.55292
773.6898641
773.8120773
773.9449654
774.0915441
774.2001239
774.3260408
774.4760653
774.5916165
774.724156
774.8680276
774.9741774
775.0782049
775.157924
775.2555534
775.324207
775.4572065
775.6099653
775.7313051
775.8441383
775.9319548
776.0365143
776.1509608
776.272085
776.4207651
776.5635929
776.6470311
776.7566211
776.8461457
776.9402643
777.0888168
777.2147693
777.338887
777.4123909
777.5113463
777.6184039
777.7215428
777.8125188
778.0195511
777.9949162
778.1112825
778.2523272
778.3778058
778.4556136
778.5700913
778.7040089
778.8220241
778.9235539
779.0356063
779.1303595
778.3832254
778.4907724
778.5500077
778.6592031
778.7904752
778.9214195
779.0476722
779.1514919
779.1947342
779.3239086
779.4265737
779.5348208
779.6646595
779.7590932
779.9353867
780.1173997
780.2947345
780.4101309
780.5309697
780.6876147
780.8919836
781.0587903
781.1013526
781.0176734
781.1535519
781.2638124
781.3957051
781.571252
781.7134067
781.8246093
782.1079115
782.2244511
782.3268526
782.4652827
782.3597027
782.4771246
782.6207521
782.6806032
782.815434
782.9666894
782.7950776
782.9590043
783.0947673
782.5557898
782.4634071
782.5776326
782.7199434
782.4335187
782.5706432
782.6164739
782.7302295
782.856858
782.9187362
783.0537607
783.1861133
783.1883585
783.3192232
783.4348476
783.5395669
783.6920659
783.8463809
783.9589064
784.110133
784.2321452
783.3959157
782.892073
783.0048475
783.0919408
783.1596575
783.2937617
783.4831902
784.2750329
784.4280394
784.569128
784.4443672
784.2572366
784.177367
784.3062879
784.4345856
784.5315653
784.6703191
784.825972
785.2419553
785.5235398
785.6636649
785.7753326
785.9145076
786.0439774
786.1752088
786.2953213
786.4059227
786.4820265
786.6271056
786.723267
786.8984528
787.0112389
787.1523321
787.2939415
787.4037993
787.5047374
787.6375607
787.7617577
787.8850772
788.0304737
788.1433841
788.2828996
788.3826902
788.4662518
788.5409261
788.6563186
788.7915963
788.9078422
789.0292671
789.1435037
789.3376003
789.4824568
789.6130211
789.7865312
789.9243478
790.0391459
790.177436
790.237662
790.4001764
790.5386691
790.6811151
790.7959164
790.9463146
791.0710662
791.1871159
791.3009889
791.4926921
791.6252586
791.780813
791.8701499
792.0032486
792.1539682
792.295217
792.3876474
792.5670755
792.6624462
792.789022
792.9503895
793.0781794
793.281013
793.4489674
793.6147349
793.7126211
793.8955235
794.0357669
794.1742275
794.3046596
794.4139836
794.5510691
794.6845307
794.7976666
794.8833592
794.9971157
795.1617298
795.3363742
795.4702655
795.5819372
795.7208786
795.8690647
796.0047062
796.1416168
796.248667
796.3402808
796.4269946
796.5399559
796.6676796
796.761599
796.8386137
796.9830794
797.068241
797.1838997
797.314755
797.4810299
797.5994157
797.692409
797.8133446
797.9309785
798.0217517
798.1716171
798.3054167
798.4345923
798.5545012
798.6821727
798.8047259
798.9002259
799.0268557
799.1125475
799.2351052
799.3782715
799.5155081
799.5971698
799.6656308
799.7138345
799.8371666
800.0227178
800.0818712
800.0991427
800.221231
800.2966782
800.4246002
800.6171462
800.6826343
800.3495349
800.5330461
800.6231013
800.1659974
800.1216232
800.2434351
800.2834255
800.3710485
800.4549
800.5187448
800.6289945
800.7505397
800.820367
800.9037679
801.0341843
801.1524392
801.2654744
801.360223
801.4638228
801.5823836
801.6828689
801.6456688
801.7365649
802.3023972
802.3972278
802.4857952
802.5823154
802.6871803
802.7816972
802.8882633
802.9858923
803.1088317
803.2195525
803.3294879
803.4425999
803.5681305
803.6073543
803.7128382
803.9268886
804.0042492
804.116093
805.0118383
805.14133
805.3069138
805.4477618
805.5748122
805.66677
805.7841615
805.9205807
806.0353985
806.1724751
806.2944134
806.4350755
806.5652987
806.6555508
806.7789855
806.9237472
807.0260254
807.1255228
807.2179073
807.2923348
807.4091346
807.5250535
807.6461477
807.8309467
807.8993783
807.9601528
808.0034282
807.1210678
807.2523996
807.3439102
807.5079044
807.5940063
807.7506645
807.8775657
808.0212678
808.1566339
808.433162
808.5404601
808.0234414
808.1449678
808.2552277
808.4931112
808.5773783
808.6873573
808.8159452
808.92498
809.2458434
809.3842142
809.5183369
809.7144349
809.8033635
809.9358905
810.0518091
810.1802376
810.3080613
810.4358431
810.5730502
810.6972805
810.8294416
810.9652271
811.0823581
811.2262938
811.3222515
811.4411638
811.5544928
811.6584953
811.8009999
811.9095441
812.0677611
812.193611
812.3296023
812.4779108
812.5931849
812.7286595
812.891848
813.1742861
813.2981381
813.4255871
813.5552134
813.7177178
813.8607927
813.9849556
814.1069795
814.2247107
814.4175895
814.6296611
814.7493825
814.8854336
815.068991
815.2290835
815.3892344
815.5396403
815.6760569
815.7809246
815.9050651
816.0218185
816.1237239
816.1502649
816.3518607
816.5008959
816.6601154
816.8100179
816.9795749
817.1143512
817.2968068
817.4420252
817.5008946
817.6493888
817.80025
817.9400759
818.0907555
818.198596
818.3226057
818.4556379
818.5605744
818.669264
818.7860439
818.9305719
819.0449073
819.1574889
819.3269462
819.4526351
819.542996
819.5774124
819.6922324
819.8237777
819.9524531
820.0993701
820.2258222
820.3509504
820.4438479
820.5791248
820.6960765
820.7575397
820.851976
820.8862975
820.9888723
821.1083675
821.2308562
821.4178036
820.5929586
820.7264951
820.8480129
820.9481283
821.0588938
821.1370843
821.2446457
821.3524742
821.4569886
822.2427543
822.3556356
822.4435858
822.5486887
822.6929227
822.8090024
822.9332178
823.038156
823.1393402
823.2435862
823.3894252
823.5423937
823.6407062
823.7324032
823.8374136
823.9463009
824.0641886
824.1654743
824.2792123
824.3839922
824.4862974
824.6124378
824.6860125
824.8032524
824.9067374
825.0043307
825.2234632
825.3890862
825.4741944
825.5943004
825.6837897
825.8097451
825.9097687
826.0384398
826.1616624
826.2534379
826.3656491
826.4866503
826.6013132
826.7049041
826.7408427
826.8936559
827.0260252
827.1342898
827.2667037
827.3903241
827.4799094
827.6106451
827.7535383
827.867058
827.9318645
828.0473191
828.1517303
828.2511273
828.3443251
828.4943694
828.5948642
828.6592128
828.7600588
828.8642911
828.9745456
829.1115054
829.2224117
829.3403332
829.4398763
829.5506289
829.6776949
829.7865195
829.9326476
830.0529438
830.1807957
830.3023558
830.3948194
830.4942886
830.5987728
830.7733529
830.8323152
830.9509536
831.0537921
831.1821742
831.3124309
831.4413289
831.5449047
831.6530935
831.7585663
831.8397616
831.9712725
832.1044408
832.2172352
832.3582683
832.4663976
832.6034937
832.7163548
832.8461585
832.9510157
833.06668
833.1722489
833.293149
833.4194094
833.4779898
833.5831273
833.6579533
833.7606965
833.8608908
834.0044767
834.1370004
834.2764014
834.3822827
834.5111159
834.6365529
834.772654
834.9377572
835.0431832
835.264713
835.4226527
835.5572158
835.7841434
835.9114179
836.0785052
836.2200658
836.3970778
836.5776092
836.7419049
836.8803273
837.0253666
837.2151286
837.5014627
837.6361183
837.7642787
837.8980414
838.0583211
838.2034653
838.3301753
838.4821294
838.6360683
838.7794805
838.9693963
839.1323801
839.2736612
839.4746523
839.6652754
839.8169463
839.9791462
840.1980542
840.4010982
840.5281149
840.6768739
840.8817688
841.0672286
841.2516418
841.4055416
841.5564928
841.7005586
841.8620836
842.0237347
842.2337096
842.432017
842.5975844
842.7679517
842.9245819
843.0941818
843.2835081
843.4585056
843.6243686
843.7956742
843.9560368
844.1207713
844.2693618
844.4333958
844.5961747
844.7263647
844.8925321
845.0951362
845.2752937
845.5208748
845.6881712
845.8597475
846.00442
846.1640692
846.3389179
846.4887466
846.660501
846.8351999
847.031007
847.1934136
847.3603979
847.5306754
847.7185361
847.8867522
848.0433735
848.1902461
848.3130023
848.4479024
848.5925328
848.828945
849.0302885
849.2310214
849.4185118
849.6150611
849.7651101
849.9217694
850.0594766
850.1661253
850.3494421
850.4882142
850.6107644
850.7140744
850.8481059
850.9531518
851.0539935
851.2014252
851.4439004
851.5043132
851.7726332
851.9374106
851.8852252
851.9166738
851.8804319
851.8947696
851.8494839
851.7259723
851.6931024
851.6869524
851.7086121
851.6720387
851.5846498
851.5133659
851.429836
851.3940354
851.3607358
852.1154667
851.9356899
851.66882
851.4052598
850.9703686
850.7018601
850.377199
850.0874143
849.8488992
849.5675546
849.1714558
848.8067502
848.4389899
848.0569384
847.6700331
847.213217
846.858013
846.3774479
845.9081246
845.3918767
844.8526759
844.3905117
843.8476524
843.3427401
842.7654285
842.1724064
841.570281
840.8370791
840.1206132
839.821187
839.0898015
838.3769601
837.6750185
836.982277
836.2664404
835.5410574
834.7939719
834.0475172
833.3073452
832.5462798
831.7725869
830.9433817
830.1871976
829.3675729
828.7573814
827.9675618
827.1879769
826.4502067
825.6003536
824.7179836
823.8539543
822.9914705
822.1326621
821.2424076
820.3908504
819.5539837
818.7182815
817.8633441
816.9852769
816.0918025
815.1830806
814.4089815
813.5168739
812.6152685
811.706077
810.8280023
809.9313225
809.0690879
808.165983
807.2540869
806.3620596
805.4611051
804.5493634
803.6393737
802.7287006
801.8173613
800.9199876
800.0381215
799.1269876
798.2406088
797.398929
796.4827141
795.5893324
794.6773602
793.7650473
792.8516696
791.9501877
791.0312861
790.1233382
789.2076629
788.303698
787.3895557
786.4680239
785.5541009
784.6333557
783.7151057
782.7975681
781.8820129
780.9087223
779.987201
779.0979383
778.1825922
777.2707514
776.3510792
775.437151
774.5242017
773.6068769
772.6864051
771.7750946
770.8481538
769.9362973
769.027078
768.1218251
767.2175137
766.3034124
765.3758311
764.4597946
763.5322654
762.5995033
761.6746761
760.7224942
759.7970599
758.8491534
757.8959811
756.9595318
756.0262078
755.0891327
754.1639335
753.239096
752.3272946
751.4214906
750.4905682
749.5764437
748.6756176
747.7565777
746.8384995
745.9153223
744.98879
744.0794986
743.1582512
742.2401206
741.3239897
740.4234446
739.497237
738.5888682
737.6388004
736.6991322
735.7713868
734.8445099
733.922209
733.0028917
732.0820061
731.1909785
730.2799941
729.3870681
728.5039794
729.2702915
728.3684736
727.4592292
726.5463393
725.6446507
724.7403937
723.8387376
722.9362065
722.0349505
721.1298487
720.2149573
719.3033129
718.3969659
717.4954909
716.6069521
715.7214491
714.8404113
713.9404626
713.0534422
712.1678048
711.2759937
710.3804635
709.482278
708.6059374
707.7235829
706.8382038
705.951205
705.066376
704.179511
703.2852321
702.4117461
701.5199101
700.6275551
699.7312487
698.8363315
697.9468447
697.0664563
696.1795991
695.2876075
694.3971325
693.5183286
692.6376795
691.7477533
690.8586281
689.9822127
689.0883326
688.1994686
687.3019952
686.412287
685.5127561
684.5851848
683.6704772
682.7596144
681.8651962
680.9797092
680.0841348
679.1955351
678.2913373
677.3918787
676.4785127
675.5611942
674.6480547
673.7331778
672.8274765
671.9295046
671.0346992
670.1355031
669.2289043
668.3429474
667.443205
666.5291923
665.6095269
664.6958195
663.8476241
662.9435435
662.0354477
661.1236048
660.2104392
659.2890837
658.37835
657.4621376
656.5449048
655.6395127
654.8927647
653.9808542
653.0653631
652.1562104
651.2514818
650.3436579
649.4471126
648.5328458
647.6112777
646.6845098
645.755857
644.8377206
643.8997735
642.9802625
642.0598883
641.1490489
640.2375857
639.3307455
638.418254
637.5249197
636.599077
635.6796232
634.7263693
633.8075114
632.8911483
631.974649
631.0609364
630.1420193
629.2219966
628.3245847
627.4013511
626.4816566
625.5705575
624.6454891
623.7258329
622.809513
621.905358
620.9905025
620.0677024
619.1480565
618.2153956
617.2827416
616.3638338
615.4655018
614.5510436
613.6371756
612.7393908
611.8192031
610.8941694
609.9415865
609.0546475
608.1288835
607.2110408
606.2955137
605.3763274
604.4582529
603.5381212
602.6155016
601.6962453
600.7817586
599.8634344
598.9457275
598.0335899
597.1099174
596.1951929
595.2674611
594.3366968
593.4102374
592.4866751
591.5591172
590.630798
589.7119254
588.7898336
587.8676224
586.9504586
586.0236893
585.1065348
584.1742379
583.2522752
582.3300985
581.4061838
580.4918491
579.5683673
578.6397531
577.7175289
576.7965263
575.8691375
574.9480066
574.0263573
573.1037082
572.1749393
571.2418988
570.3210942
569.3939866
568.4702619
567.5476708
566.6283544
565.7068712
564.7876216
563.8567977
562.9324771
562.0130763
561.0922381
560.1740074
559.2505474
558.3274759
557.4032359
556.4581623
555.5325064
554.6157265
553.6935716
552.7756635
551.8501951
550.9224276
549.9916618
549.0957649
548.1695356
547.2446076
546.3177353
545.3903298
544.4710042
543.541217
542.6181037
541.6960117
540.774178
539.8556413
538.935458
538.0327203
537.1068791
536.185843
535.2595013
534.3322412
533.4070818
532.4833218
531.5533611
530.6327685
529.7046191
528.7960476
527.878933
526.9712584
526.0418254
525.1095984
524.1719329
523.2487114
522.3289983
521.4015531
520.477728
519.56496
518.6500567
517.7251087
516.8019335
515.8857209
514.9635989
514.0528631
513.1346278
512.2129364
511.2935072
510.3744373
509.4581804
508.5473611
507.6310924
506.7220376
505.8009307
504.8680368
503.9313876
503.0000855
502.0808714
501.1315355
500.2015318
499.2897135
498.3923928
497.538246
496.6362426
495.7000616
494.7678249
493.8414188
492.9101047
491.9821748
491.1096088
490.2021953
489.2851571
488.3689306
487.4546166
486.5419962
485.6116218
484.6816145
483.7526475
482.844726
481.9225679
481.016789
480.0937981
479.1845342
478.2658778
477.3434616
476.4234606
475.5007973
474.5765694
473.6554548
472.7346802
471.8255201
470.9062089
469.9756248
469.0655278
468.1321861
467.1986323
466.2745698
465.3420791
464.425648
463.5088544
462.5889059
461.6622309
460.7399856
459.8152445
458.8855057
457.9600238
457.043391
456.1120904
455.1748325
454.2524485
453.3287082
452.3950823
451.4628381
451.1788499
450.2447744
449.3135251
448.3742771
447.440897
446.5153287
445.5803391
444.6538648
443.7390628
442.8118592
441.8736559
440.9540141
440.0273619
439.0947116
438.161643
437.2100978
436.292667
435.3621189
434.4372493
433.5654628
432.6231165
431.7054747
430.8119049
429.8730465
428.938114
428.0098293
427.0841366
426.1324687
425.2204137
424.2827615
423.3580465
422.4340779
421.499936
420.5709501
419.641763
418.6925851
417.7521627
416.8209999
415.8939191
414.9573831
414.0269477
413.0924213
412.1658569
411.2316357
410.3161435
409.3917601
408.4739312
407.5640976
406.6280197
405.7070539
404.7746271
403.8397117
402.9482103
402.0205406
401.096811
400.159153
399.2205231
398.2949671
397.3837078
396.4490259
395.515882
394.5821158
393.6508796
392.7154831
391.7364749
390.7999235
389.8696273
388.930053
387.9872224
387.0368523
386.1056362
385.1692653
386.0952681
385.1537649
384.2232351
383.2939717
382.3615022
381.4204543
380.4815405
379.5573402
378.6023232
377.6686858
376.7295224
375.7890621
374.854675
373.9178539
372.9855983
372.0477029
371.1140857
370.1688278
369.2278615
368.2943454
367.3577619
366.851318
365.9014028
364.971496
364.0309107
363.0955583
362.1597167
361.2272578
360.2942003
359.3524945
358.413676
357.4805342
356.5357644
355.6162824
354.6730583
353.7305787
352.7900167
351.8532981
350.9119278
349.9766333
349.0398027
348.0962919
347.1571179
346.2062289
345.2665919
344.331024
343.3936602
342.4523612
341.5112709
340.5736323
339.6296757
338.6872591
337.7389256
336.793927
335.8492401
334.9049765
333.9542923
333.0132889
332.0735549
331.1309972
330.1811172
329.23349
328.2790191
327.3413034
326.393797
325.4476386
324.4983546
323.5493789
322.6042522
321.6514254
320.7130139
319.771812
318.8153474
317.8616882
316.917043
315.9713011
315.0164125
314.0672755
313.1105518
312.1596202
311.2037884
310.2530297
309.29573
308.3407213
307.3824976
306.4320751
305.4845426
304.5357744
303.5831222
302.6194374
301.6647026
300.7023204
299.7582111
298.8068743
297.8518189
296.900331
295.9361403
294.9856125
294.0263272
293.0768475
292.1162031
291.1582809
290.2012681
289.2351996
288.2766295
287.3183095
286.3603765
285.4002847
284.4427355
283.479897
282.505447
281.5454573
280.5838064
279.6194457
278.6630467
277.7135685
276.7539159
275.7858819
274.8127167
273.8517073
272.8862617
271.953378
270.9949064
270.0515731
269.0816911
268.1032616
267.1285996
266.1628854
265.1955906
264.2239556
263.254068
262.2964747
261.3277161
260.3557064
259.3936433
258.4291966
257.4620587
256.5600917
255.6043278
254.6218771
253.6536546
252.6805571
251.7091056
250.7407576
249.7714275
248.8032809
247.8364379
246.8689442
245.9013361
246.8713917
245.9042882
244.9374413
243.9635417
242.9691916
241.9924574
241.0195558
240.0418034
239.0733859
238.0903868
237.1185742
236.1580303
235.1852454
234.2118992
233.2304365
232.2918591
231.3124577
232.3035781
231.3250052
232.3055677
231.3224659
230.3505899
229.3735523
228.3987981
227.4329344
226.4627546
225.5161992
224.5386239
223.5538949
222.5702768
221.5857687
220.6095695
219.6216323
218.6396779
217.6623783
216.7402194
215.9065959
216.5873594
215.6113479
214.7670927
213.7676071
212.783892
211.8033972
210.8279425
209.8417387
208.8578091
208.2526587
207.2673376
206.2894693
205.5191952
204.5330193
203.5422034
202.5571295
203.5393438
202.5539718
201.5651089
200.5756514
199.5910466
199.4195174
198.4324002
197.4434775
196.4526007
195.4621665
194.4713098
193.4817255
192.4970179
191.5084187
190.5183551
189.5459444
188.5564345
187.5658021
186.5735027
185.5870835
184.599192
183.6096883
182.6236426
181.6415399
180.6518077
179.6612016
178.6713625
177.6787306
176.688185
175.7011829
174.7056489
173.7092526
172.7185178
171.7271896
170.7302213
169.7402717
168.7567109
167.7659308
166.7757208
165.7816513
164.7939278
163.8044798
162.8153377
161.8259138
160.8329155
159.8413689
158.8524853
157.8596841
156.8645664
155.866003
154.8733898
153.8821798
152.8888046
151.8947572
150.9035496
149.9113407
149.084544
148.0938729
147.1010834
146.1079602
145.1169489
144.1214925
143.1287782
142.1342901
141.141193
140.1488618
139.1602366
138.1659239
137.1703916
136.175725
135.1834865
134.1898181
133.2002647
132.2082128
131.2164375
130.227859
129.2362374
128.2592122
127.2651982
126.2692539
125.2764455
124.2830379
123.3489023
122.3573544
121.3606165
120.3645035
119.3693305
118.3798706
117.3865582
116.392663
115.4010362
114.407546
113.4199311
112.4303857
111.4319125
110.4385568
109.4478906
108.4865761
107.503579
106.5369279
105.5431919
104.5475501
103.5529681
102.5633751
101.5679675
100.5727117
99.57912005
98.58240529
97.58966236
96.59452746
95.59847612
94.60192489
93.60350336
92.60879801
91.62431457
90.62807133
89.63541679
88.63818806
87.6460024
86.65005163
85.65769525
84.66504558
83.67043821
82.67411596
81.67652657
80.67932829
79.6849359
78.69310248
77.69627098
76.69896636
75.70252111
74.70664738
73.71132337
72.71519778
71.72220138
70.72702562
69.73185821
68.73518009
67.73759868
66.73992987
65.74324416
64.74655903
63.74825307
62.75080592
61.75405471
60.75767164
59.76230282
58.76569596
57.76961573
56.77260839
55.7758091
54.77912627
53.78275117
52.78832656
51.79287076
50.79534769
49.79734242
48.80379923
47.81088182
46.82165869
45.82416154
44.84791194
43.85166764
43.28655772
43.46312665
42.4708862
41.49770507
40.50003426
39.51475624
38.51695824
37.52087543
36.52381368
35.52698138
34.52872984
33.53092815
32.53560811
31.54368033
30.84260065
29.84688914
28.86116938
27.87109151
26.89030357
27.88920808
28.87994037
27.88467306
26.88852242
25.89554925
25.06510682
24.08340468
23.34375657
24.3389402
23.34500067
22.56416836
22.16508514
21.17349685
22.1659041
23.15950287
22.1670301
23.00439282
22.00668833
21.02129342
20.02960236
20.02195632
19.06195229
18.06535256
17.06862801
16.15729523
16.06442293
15.07030875
14.07385637
13.0791825
12.08258809
11.08620602
12.07302715
11.07487842
10.09116111
9.096113156
8.101195605
7.123923604
6.130514875
5.134239785
5.231635133
4.234673075
3.237190121
2.504992204
1.508679886
0.512531569
-0.484750794
-1.480888206
-2.47747357
-3.195300964
-3.67724938
-4.469498768
-5.465254871
-6.464149399
-5.484835326
-6.481340927
-7.25245778
-7.777480444
-8.292541889
-9.290431945
-10.28805859
-11.28361919
-12.28191612
-13.27886319
-14.27557831
-15.27207404
-16.26834652
-17.26745534
-18.26569669
-19.24714693
-20.24132447
-21.23676978
-22.2315168
-23.22683706
-24.22398758
-25.21945101
-26.2176925
-27.21259294
-28.2053747
-29.19979868
-30.19701758
-31.19479566
-32.18992583
-33.18330842
-34.17431364
-35.17106271
-36.1631144
-37.15432158
-38.1506139
-39.14281672
-40.13056618
-40.54801533
-40.11873668
-40.82076286
-41.80556104
-42.4396976
-43.43667041
-44.33371691
-44.12224586
-45.11466233
-46.11066557
-47.10371325
-48.09845847
-49.09078774
-50.07249807
-49.55927354
-50.55747656
-51.03317834
-51.79792847
-52.79661927
-53.79535557
-54.73310204
-55.70863089
-56.70529368
-57.69188262
-58.67934468
-58.44445266
-58.37622068
-59.37469788
-60.35457359
-61.18258453
-61.66925408
-62.47024536
-63.19374397
-63.39367406
-64.37815979
-65.26635493
-66.26303831
-67.24169962
-68.17899125
-69.14469922
-69.7382485
-70.73663093
-71.71211964
-72.70955483
-73.70589707
-74.70337623
-75.08972474
-76.08877671
-77.0848377
-78.07240296
-79.05715976
-80.04262552
-80.91273342
-81.89069496
-82.85924281
-83.83733034
-84.78909984
-85.74498686
-86.693461
-87.63042341
-88.56644417
-89.48894381
-90.41231745
-91.32147478
-92.21057781
-93.09264489
-93.94648971
-94.80607535
-95.65853104
-96.45723993
-97.20216823
-97.98219561
-98.73407797
-99.50242829
-100.2162938
-100.9137243
-101.5944882
-102.1464132
-102.3479084
-102.9282311
-103.5015816
-104.2970477
-104.7349612
-105.2443708
-105.6876381
-106.1677117
-106.4786874
-106.8327274
-107.1903227
-107.5148706
-107.8697055
-108.1485387
-108.2010804
-108.405984
-108.5088552
-108.6784363
-108.7809883
-108.8782796
-108.9116472
-108.9136674
-108.8896455
-108.8706877
-108.7579613
-108.6664092
-108.5851353
-108.474941
-108.3428759
-108.1787638
-108.0117418
-107.799683
-107.6006407
-107.3218759
-107.173596
-106.9381388
-106.6543143
-106.4081486
-106.154247
-105.914193
-105.619729
-104.9069583
-104.6418647
-104.5143007
-104.2175753
-103.9340531
-103.6342399
-103.3281353
-103.0335779
-102.7161351
-102.3999828
-102.0626863
-101.7227787
-101.3726827
-101.0210982
-100.6895314
-100.3577034
-100.0189628
-99.69629812
-99.35787774
-99.01416371
-98.68094924
-98.38004387
-98.06169872
-97.7140851
-97.38841157
-97.08438577
-96.75541584
-96.42755529
-96.11253003
-95.79110618
-95.46945622
-95.15320481
-94.81824757
-94.4757671
-94.11540712
-94.55220306
-94.22560859
-93.86246955
-93.53769681
-93.20230333
-92.83045213
-92.45417226
-92.13886467
-91.79426973
-91.47104567
-91.11277179
-90.69790095
-90.40681802
-90.06882169
-89.71905445
-89.36647748
-89.00554335
-88.63305376
-88.24656219
-87.87558726
-87.51234703
-87.17308995
-86.80285904
-86.46718866
-86.11852954
-85.77314637
-85.42340652
-85.064678
-84.7119044
-84.35776063
-84.06931839
-83.71436403
-83.3585741
-83.0129615
-82.66833674
-82.30485454
-81.96530506
-81.562091
-81.21569604
-80.89263929
-80.56746978
-80.2406723
-79.88373439
-79.50969053
-79.1622511
-78.82814978
-78.50203646
-78.18082064
-77.85025504
-77.51389809
-77.17333979
-76.83949476
-76.49341579
-76.14695494
-75.81496314
-75.50950272
-75.20685316
-74.85140444
-74.53777161
-74.16350114
-73.81730128
-73.50318589
-73.22029558
-72.86095689
-72.5558598
-72.25392904
-71.97700532
-71.65783333
-71.33332124
-71.00647564
-70.68976707
-70.38401319
-70.15318916
-69.84056095
-69.53451069
-69.20105127
-68.88555012
-68.58104448
-68.22236687
-67.93675963
-67.57908364
-66.95238685
-66.63259608
-66.37324545
-66.08474855
-65.74620242
-65.45735058
-65.14293119
-65.34150773
-64.99881623
-64.75659643
-64.47773807
-64.20115299
-63.90564256
-63.62215615
-63.29492604
-62.94455547
-62.57188272
-62.26690704
-61.98248088
-61.63093062
-61.2835581
-60.86572283
-60.73928557
-60.42158914
-60.10964883
-59.81138666
-60.34200788
-59.97515228
-59.65320285
-59.35008705
-59.06981658
-58.76315968
-58.44494387
-58.09883334
-57.69669132
-57.37835387
-57.04213981
-56.72938774
-56.39974791
-56.08416903
-55.75276968
-55.45394724
-55.19138312
-54.87925968
-54.55778211
-54.24881584
-53.99070368
-53.71170846
-53.38144373
-53.09433316
-52.80927244
-52.44418129
-52.13513656
-51.84774553
-51.5447421
-51.31612128
-51.10891953
-50.82751428
-50.49987702
-50.16698623
-49.83473742
-49.59276703
-49.24900118
-49.01528894
-48.7035963
-48.40265497
-48.09388014
-47.78434902
-47.473672
-47.14342813
-46.84626501
-46.5897213
-46.28213477
-45.97731233
-45.69863594
-45.39196419
-45.10251166
-44.81845295
-44.55102332
-44.13155243
-43.84243623
-43.55981806
-43.29086024
-43.00226402
-42.71884566
-42.43074071
-42.15014543
-41.85629399
-41.57496756
-41.27434313
-40.95648301
-40.69003249
-40.39372639
-40.13766036
-39.85859782
-39.58410402
-39.2919497
-39.05872124
-38.78075213
-38.5103671
-38.05178264
-37.76625965
-37.49759611
-37.23667023
-36.98218866
-36.65722685
-36.39384917
-36.12926383
-35.85037751
-35.59369884
-35.28626579
-34.91919989
-34.63074177
-34.34509481
-34.07167317
-33.48911656
-33.25038738
-32.93072439
-32.67822229
-32.41011312
-32.12382518
-31.83401899
-31.58795254
-31.30406056
-31.03194582
-30.9128722
-30.00563401
-29.72341464
-29.4204211
-29.11228988
-28.86243318
-28.58560013
-28.31860502
-28.05534677
-27.79381461
-27.44680877
-27.16836246
-26.89324267
-26.67043166
-26.39770177
-25.98399422
-25.66487255
-25.39603865
-25.15021978
-24.92355016
-24.68241459
-24.43935415
-24.17972638
-23.89527711
-23.62841525
-23.34694573
-23.09369085
-22.8143924
-22.53879944
-22.26456798
-21.93817998
-21.68548824
-21.46580292
-21.17434863
-20.91009182
-20.64692417
-20.31196281
-20.07014525
-19.60131284
-19.33442825
-19.09902335
-20.07283515
-19.90656971
-19.65029532
-19.38015457
-19.13628362
-18.85396458
-18.6642674
-19.66052761
-19.46672743
-19.25714707
-19.02041732
-18.74518219
-18.55559025
-18.28755343
-18.06864009
-17.87480564
-17.64387921
-17.43867274
-17.22489048
-17.00373949
-16.79969452
-16.37851681
-16.41615293
-16.22537602
-15.8674267
-15.69805246
-15.48633387
-15.27830605
-15.12206532
-14.94251865
-14.71558116
-14.38609063
-14.36933845
-13.51189593
-13.17269014
-12.96942411
-12.78264566
-12.58024637
-12.39590389
-12.04131247
-12.88274206
-12.67915333
-12.43655255
-12.21782924
-11.99845582
-11.80830246
-11.62560612
-11.42443296
-12.37027278
-12.12045668
-11.93465755
-11.73609988
-11.55257522
-11.36108722
-11.14454699
-10.93156459
-10.73149248
-10.53261723
-10.29121493
-10.09054741
-9.899040042
-9.641196871
-9.295333817
-9.082364876
-9.188497848
-9.004400829
-9.332690495
-9.18645292
-8.982130185
-8.000261829
-7.763948428
-7.563500812
-7.363674503
-7.120179926
-6.896746962
-6.654454382
-6.459610503
-6.277704341
-6.076872186
-5.864021392
-5.680256391
-5.473170051
-5.247268196
-5.030130559
-4.812779477
-4.628186931
-4.507379854
-4.305691193
-4.085481926
-3.857088388
-3.656689116
-3.414502936
-3.272245483
-3.087690779
-2.932026245
-2.739992927
-2.495511602
-2.28013535
-2.13851696
-1.965135521
-1.780284587
-1.601186245
-1.404409041
-1.208438762
-1.035154735
-0.8381892
-0.705671231
-0.456569631
-0.326563762
-0.1593936
0.007944566
0.248263957
0.450667938
0.547131339
0.727356228
0.868736568
1.067784051
1.255591147
1.435005591
1.635650714
1.837393919
2.051158193
2.205536331
2.411968054
2.622202041
2.794194905
2.966126132
3.162756027
3.306485654
3.509373855
3.686436007
3.814972282
3.983893915
4.16114545
4.33992208
4.512353291
4.67080446
4.842383154
5.009359562
5.15189095
5.361359439
5.541910703
5.715901121
5.892310747
6.041953627
6.186620253
6.340180754
6.518137719
6.672143803
6.845069789
6.997956443
7.220665125
7.396153331
7.574099208
7.752289606
7.967158133
7.9569638
8.096114529
8.195711955
8.338353417
8.506155489
8.697006944
8.873267796
9.057929294
9.219842165
9.30697507
9.428938995
9.528061148
9.697927289
9.868375731
10.03580036
10.18279961
10.37350469
10.53895362
10.76534435
10.84636144
10.99300793
11.17507534
11.33334961
11.43970709
11.62768962
11.87673465
11.98640823
12.04914196
12.2065187
12.29616075
12.39708778
12.54644657
12.71999855
12.92267871
13.0982494
13.24269766
13.35516143
13.49217608
13.65667541
13.74641009
13.89292989
14.05218518
14.20574512
14.32976064
14.45512927
14.5683697
14.7263456
14.90433694
15.07057966
15.24148615
15.4164505
15.56227113
15.74822686
15.8770385
16.03548146
16.17734294
16.32787766
16.36693774
16.50800523
16.6602918
16.81603363
16.93439399
17.06397986
17.18799891
17.33018388
17.47191167
17.60497914
17.70748764
17.80694481
17.94244996
18.05426852
18.17395039
18.32151548
18.43980057
18.67775766
17.82929404
17.98554602
18.12838688
18.2253267
18.36922024
18.41416703
18.60014138
18.72684385
18.85928558
19.07365167
19.18292685
19.33717258
19.33329692
19.4505142
19.5560561
19.67668427
19.74549139
20.24451468
20.32205431
19.66822151
19.78109262
19.91660711
20.11267752
20.30787337
20.38964951
20.48465153
20.58870735
20.72095021
20.8114676
20.97617182
21.13206395
21.21396799
21.31701453
22.27034535
22.44301031
22.57401801
22.59837972
22.65712032
22.76316347
22.85838439
22.94535588
23.16363005
23.05803144
23.14626924
23.26376634
23.38356116
23.50820011
23.58107782
23.6771003
23.79804254
23.88218716
23.97256819
24.08968507
24.15728977
24.2506872
24.35197429
24.47260302
24.44053074
24.57017875
24.77650511
25.34881174
25.43984402
25.51979987
25.58934347
25.68492618
25.79733015
25.91542303
26.01980579
26.10489392
26.23225834
26.30115854
26.40467453
26.51347601
27.43293013
28.36442279
28.48426613
28.60527227
28.76683469
28.8609927
28.97861479
28.99680721
29.14468829
29.38237475
30.36747437
30.4955998
30.67842087
30.82482007
30.97642043
31.06694614
31.15799983
31.356934
31.39837539
31.44936744
31.51823599
31.58254062
31.70173956
31.82382316
31.94181819
32.18861892
32.24581438
32.33811576
32.76728299
33.60729452
33.65410684
33.80402893
34.29685826
34.43716292
34.56701293
34.75515872
34.84770846
34.98472918
35.17052198
35.32370705
35.42491769
35.57015818
35.67685024
35.77507039
35.8742909
36.01835862
36.17605133
36.30555601
36.38515772
36.75160998
36.87499357
37.01718485
37.15698271
37.2942377
37.44957715
37.31258525
37.55094462
37.69599036
37.80087905
37.91023465
38.10329554
38.20692803
38.55095443
38.74098069
38.9030132
39.0054393
39.14290001
39.26989711
39.4240818
39.54250036
39.72049367
39.84910939
39.96468016
40.12629351
40.25064935
40.37495893
40.47866377
40.69493538
40.81751796
40.93660802
41.06389095
41.24287789
41.39010292
41.48997643
41.60438396
41.73074229
41.85758379
42.02163935
42.20174183
42.40236129
42.55783798
42.71061151
42.83266083
42.94092194
43.06553259
43.20680755
43.34871497
43.50705732
43.65578734
43.79176624
43.92609412
44.04334461
44.18960685
44.33456244
44.42290215
44.55596634
44.69048629
44.82904787
44.92715945
45.01697827
45.14670143
45.28096387
45.43166082
45.59412806
45.74656986
45.83276118
45.94076072
46.01512966
46.2069805
46.3218623
46.47559163
46.56738959
46.71655464
47.51263774
47.6642671
47.80413064
47.90265678
48.14961896
48.40426801
48.5656746
48.62920827
48.80842731
48.90595967
49.03537993
49.22997424
49.33642762
49.48202945
49.49176383
49.64805736
49.74954353
49.8614846
49.96625709
50.06548771
50.19708556
50.32710989
50.45483208
50.58474001
50.6826076
50.78644641
50.87972672
50.9022854
50.01544026
50.08935009
50.10957749
50.20375234
50.25564104
50.3130403
50.43107306
50.51095406
50.62044547
50.73193567
50.88927385
50.97799661
51.03545804
51.21096914
51.29570643
51.37875332
51.4879591
51.59789856
51.68988252
51.95550771
52.02290223
52.09699221
52.18030806
52.28699665
52.3598229
52.47804773
52.55934033
52.65455228
52.73388326
52.82639971
52.91039574
52.99389644
53.10436784
53.15009092
53.28624712
53.35518918
53.40283372
53.47075086
53.55143507
53.61675077
53.70111596
53.82291871
53.88735051
53.95083773
54.02681621
54.53729965
54.61729107
54.72382019
54.79147706
54.88141165
54.91998165
54.97891993
55.03237805
55.97873014
56.04979427
56.12374139
56.15775199
56.29768203
56.36361373
56.43136204
56.48529681
56.54456296
56.610269
56.70209396
56.80212409
57.17743276
57.38948065
57.45138505
57.52325122
57.46869108
57.61194638
57.72556037
58.68708514
58.79022224
58.83399192
58.89060625
58.94365118
59.06028735
59.28652177
59.32651703
59.42945237
59.67881606
60.10187441
59.42603788
59.48878532
59.61285036
59.60615694
59.55338496
59.55995633
59.83564287
59.89673707
59.92648224
59.98119005
60.16605098
60.23590698
60.27789839
60.29398799
60.84557998
60.93181658
60.9242827
60.96368409
61.01618083
61.03298592
61.10559921
61.15903471
61.51095494
61.5758855
61.62101822
61.68974838
61.72684641
61.77647439
61.89301361
61.866459
61.94039708
61.78367164
61.8859061
61.95442412
62.05735661
62.66128592
62.68685244
62.64662775
62.83876444
62.77050942
62.85983319
62.86347596
62.74565271
62.81128801
62.80030713
62.8083097
62.81009357
62.80563251
62.82683327
62.87172975
62.82961136
62.85257114
62.75215259
62.76046433
62.74820766
62.64938955
62.66102796
62.83690641
62.81805004
62.79570191
62.73119464
62.57170928
63.23294116
63.08107456
62.82957008
62.6319119
62.46234801
62.31220813
62.38266255
62.37853479
62.19966929
61.38694267
61.29575874
61.09436536
60.9756222
60.84144105
61.74081709
61.59865007
62.59123426
61.60662633
61.89190692
61.75822682
61.57050276
61.20349579
61.31261993
61.49822031
61.29285254
61.20954656
61.59135387
61.50490994
61.66428045
60.98853709
60.26778855
60.64741065
61.54446367
62.19863103
63.00654074
63.75373717
64.69590405
63.94982411
64.89624878
65.85210849
66.06489241
66.31198832
65.33167294
64.87858247
64.56690878
63.59696917
62.62999794
61.665622
61.36290543
60.45921325
61.43553551
62.22991123
62.82069933
63.02763251
63.7458075
63.57383591
63.96598016
63.64754009
62.8830395
63.24069047
62.98671997
62.30270105
61.78644318
61.46764236
61.82563113
61.58378225
61.25274326
60.82437379
60.29921598
59.8410556
59.5917157
59.22161256
58.69655119
58.3695595
58.25605196
58.8128652
58.43862804
58.26945629
58.34632932
58.51954862
58.24572065
57.76751877
57.29047068
56.91513721
56.98011668
56.76061976
57.30281681
58.03082732
58.46460916
59.12116837
59.77157352
60.0353987
60.53551986
60.91822009
61.38238256
61.90094196
62.36336477
62.77165179
63.1841469
63.67160174
64.05133371
64.51148634
65.00058563
65.60494721
65.98728109
66.45939781
66.9303389
67.4102854
67.76932506
68.21246409
68.6458494
69.1437368
69.61869789
70.10985682
70.53045907
71.01616484
71.50768936
72.03742864
72.45792158
72.9493995
73.26924387
73.65362114
74.02063165
74.51706814
74.79707337
75.1163127
75.51419747
75.83697973
76.15428003
76.48481847
76.78515644
77.03189675
77.85262211
78.03749163
78.43493439
78.57783311
78.74737785
78.91240841
79.08382754
79.17561776
79.22127286
79.35253015
79.42691494
79.64614693
79.7050743
79.70431568
79.68306781
79.64817708
79.58774347
79.51417552
79.57432107
79.49326432
79.38781542
79.26042596
79.07487364
78.84003092
78.63718312
78.41144076
78.11365823
78.23233816
78.03742737
77.78995004
77.6061679
77.31875794
76.9645901
76.55947005
76.12717366
75.73239966
75.36944189
75.03415378
74.73518155
74.37224387
73.97890352
73.54417178
73.10111012
72.65516535
72.2599328
71.83820706
72.07069703
71.62391876
71.15764239
70.62565148
70.14526957
69.65915909
69.15112557
68.65345726
68.16693647
67.66701524
67.15936908
66.64532858
66.10170987
65.57831961
65.06365654
64.5354512
63.89220536
63.37956631
62.85357192
62.37316121
61.87294582
61.34182353
60.79806501
60.25673482
59.69948327
59.1425964
58.58830861
58.07115566
57.55032372
56.99802695
56.46824864
55.95401975
55.42365321
54.91402626
54.42171899
53.88575136
53.35986603
52.83290036
52.29055334
51.76371219
51.26161941
50.7359166
50.20183891
49.68164647
49.1664791
48.62085658
48.07140014
47.54121663
47.0386961
46.46748811
45.94092403
45.38774888
44.88221293
44.37542002
43.84187094
43.33173752
42.81775585
42.3490943
41.82836241
41.31269939
40.75475414
40.20472306
39.69932837
39.15652197
38.63443884
38.11570536
37.62023154
37.11572813
36.61239881
36.0888427
35.54728703
35.00184654
34.44660513
33.8890304
33.30117566
32.76124115
32.18970693
31.66540821
31.13646505
30.60279189
30.0561046
29.5206841
28.98485532
28.38466643
27.85798075
27.31345943
26.79624192
26.30471136
25.81322084
25.28305553
24.75560061
24.20822207
23.72918753
23.18378279
22.6368486
22.1249142
21.5887345
21.06522441
20.54448357
19.99903165
19.46464113
18.98899744
18.51189547
17.99190198
17.46341958
16.84971353
16.23951331
15.77570172
15.2459281
14.71352989
14.1803897
13.60618387
12.98674388
12.42586141
11.8836107
11.36400764
10.88498503
10.37066326
9.847201343
9.332509188
8.747418707
9.151079819
8.57755224
7.995607193
7.452943293
6.925034507
6.451924129
6.019236522
5.447246805
4.8401259
4.260085358
3.728154265
3.215749705
2.928993028
2.137750978
2.984851705
3.54555724
3.114810325
2.927060628
2.478995351
1.88533483
1.168692611
1.570458515
0.978917474
1.219464913
1.179433843
20.713766338
20.278627161
20.616406688
20.243757286
20.596673587
20.253114836
20.309481682
